k[x_,y_]:=Exp[-100*Sum[(x[[i]]-y[[i]])^2,{i,1,Length[x]}]];
b=0.155181;
alphay={0.573222617918426,0.81495341432854,0.608220346158168,0.585160483351591,0.81495341432854,0.548133581290754,0.558083430205805,0.81495341432854,0.81495341432854,0.122805189924616,0.252778668284486,0.210970187147749,0.349945250842139,0.196286796249884,0.360224222030474,0.81495341432854,0.538523848261953,0.491413311193858,0.766548291411509,0.81495341432854,0.0160567469765127,0.591132978469979,0.424259590802795,0.81495341432854,0.575339326277872,0.81495341432854,0.359997672013533,0.81495341432854,0.440376006528219,0.708852738895798,0.340443234770698,0.388210559924314,0.81495341432854,0.575427606879748,0.526751327027787,0.587475429567521,0.81495341432854,0.356636639209527,0.717671540780438,0.564248125623513,0.459996731797918,0.0703455397542423,0.319446118434866,0.81495341432854,0.48417731990703,-0.81495341432854,-0.81495341432854,-0.81495341432854,-0.371931069970066,-0.0620620971247699,-0.81495341432854,-0.70610463926921,-0.00178819739288409,-0.81495341432854,-0.81495341432854,-0.81495341432854,-0.81495341432854,-0.81495341432854,-0.81495341432854,-0.81495341432854,-0.331193075588675,-0.330277919405268,-0.735883021738564,-0.518002151934719,-0.149117313330033,-0.479561052188665,-0.0720824696451111,-0.337351340588239,-0.600710997174737,-0.0887528522503854,-0.472372385266256,-0.293399506066767,-0.81495341432854,-0.694827080973796,-0.81495341432854,-0.401809620980413,-0.81495341432854,-0.81495341432854,-0.361342783313358,-0.440548928058381,-0.81495341432854,-0.81495341432854,-0.81495341432854,-0.700415641025104,-0.81495341432854,-0.81495341432854};
xlist={{0.953331,0.853663},{0.687384,0.350705},{0.684747,0.539404},{0.948912,0.543304},{0.149123,0.514584},{0.795785,0.175245},{0.712777,0.902203},{0.752333,0.980945},{0.331592,0.699664},{0.688588,0.0422769},{0.735853,0.802134},{0.892803,0.867032},{0.625551,0.458324},{0.471682,0.722169},{0.492574,0.97895},{0.621426,0.190451},{0.938545,0.0739513},{0.68019,0.723895},{0.73101,0.549648},{0.259328,0.827479},{0.548927,0.484828},{0.868737,0.760933},{0.456044,0.959968},{0.441195,0.461317},{0.373497,0.718948},{0.474085,0.191043},{0.886067,0.270002},{0.683874,0.0509851},{0.444872,0.808685},{0.597291,0.898693},{0.963846,0.147708},{0.636874,0.627139},{0.538754,0.351994},{0.496956,0.616187},{0.813082,0.565202},{0.909509,0.394862},{0.539149,0.284876},{0.945663,0.247154},{0.24559,0.901946},{0.811833,0.00382725},{0.998751,0.438626},{0.672827,0.79192},{0.508866,0.529891},{0.697033,0.526064},{0.698282,0.0874383},{0.582293,0.171157},{0.528171,0.262023},{0.255547,0.777234},{0.0344166,0.875909},{0.504067,0.0601133},{0.682025,0.978096},{0.213116,0.136955},{0.102454,0.368248},{0.165194,0.504046},{0.47781,0.153341},{0.397524,0.441607},{0.701245,0.524248},{0.4612,0.0193706},{0.439226,0.361839},{0.0152283,0.924369},{0.207535,0.524303},{0.252648,0.424279},{0.359844,0.557247},{0.133353,0.361643},{0.427542,0.299616},{0.067698,0.742369},{0.125974,0.465836},{0.170353,0.67528},{0.125599,0.583567},{0.187054,0.509616},{0.0707422,0.666653},{0.45257,0.104136},{0.139918,0.0109527},{0.0713751,0.089737},{0.416416,0.251844},{0.293559,0.38293},{0.652687,0.0819915},{0.325924,0.646705},{0.13644,0.183569},{0.308789,0.620014},{0.706836,0.549952},{0.0541489,0.467961},{0.763318,0.397059},{0.218318,0.274311},{0.164169,0.80635},{0.0254552,0.295518}};
