k[x_,y_]:=Sum[x[[i]]*y[[i]],{i,1,Length[x]}];
b=-19.9224;
alphay={53039.2674730806,52778.4770291339,53039.2674730806,260.790443946772,-24258.1175634078,-53039.2674730806,-28781.1499096728,-53039.2674730806};
xlist={{0.587485,0.3271},{0.528369,0.59755},{0.953331,0.853663},{0.24559,0.901946},{0.528171,0.262023},{0.682025,0.978096},{0.701245,0.524248},{0.763318,0.397059}};
