k[x_,y_]:=Exp[-10*Sum[(x[[i]]-y[[i]])^2,{i,1,Length[x]}]];
b=0.122047;
alphay={1,0.750735652506876,0.489485022911359,1,0.00554482928969455,1,1,1,1,1,1,1,1,1,1,1,1,1,1,1,0.544755566656221,0.327730288123369,1,0.496629808152052,1,-1,-1,-1,-0.358363678304563,-1,-1,-1,-1,-1,-0.601015103324141,-1,-1,-1,-1,-0.592678258175473,-0.330673999090156,-1,-1,-1,-1,-1,-0.307194796604514,-1,-1,-0.424955332140724};
xlist={{0.587485,0.3271},{0.528369,0.59755},{0.953331,0.853663},{0.149123,0.514584},{0.712777,0.902203},{0.752333,0.980945},{0.331592,0.699664},{0.688588,0.0422769},{0.621426,0.190451},{0.259328,0.827479},{0.899412,0.527905},{0.548927,0.484828},{0.441195,0.461317},{0.373497,0.718948},{0.474085,0.191043},{0.683874,0.0509851},{0.538754,0.351994},{0.496956,0.616187},{0.539149,0.284876},{0.24559,0.901946},{0.998751,0.438626},{0.709894,0.0110853},{0.508866,0.529891},{0.698282,0.0874383},{0.262137,0.898459},{0.582293,0.171157},{0.528171,0.262023},{0.255547,0.777234},{0.0344166,0.875909},{0.504067,0.0601133},{0.682025,0.978096},{0.47781,0.153341},{0.397524,0.441607},{0.701245,0.524248},{0.4612,0.0193706},{0.439226,0.361839},{0.0152283,0.924369},{0.359844,0.557247},{0.427542,0.299616},{0.326971,0.520569},{0.0713751,0.089737},{0.652687,0.0819915},{0.325924,0.646705},{0.308789,0.620014},{0.706836,0.549952},{0.763318,0.397059},{0.170745,0.72621},{0.164169,0.80635},{0.317835,0.611696},{0.0254552,0.295518}};
