k[x_,y_]:=Exp[-1*Sum[(x[[i]]-y[[i]])^2,{i,1,Length[x]}]];
b=49.6909;
alphay={8937.82713556835,4355.05281051655,1910.69109714052,574.252714300801,6102.8140321281,8937.82713556835,8800.55870475452,5178.22322830484,4023.47792502606,8937.82713556835,558.323198611999,362.181842321124,37.0283778840682,2345.60790021063,230.182213148263,8937.82713556835,72.8978564924965,37.7918717261311,28.3270857941307,6116.0988213772,8937.82713556835,89.3698983368912,93.7501817963208,347.368413975786,62.9026871040723,6152.8203601041,8642.50055927271,4989.78924631779,1452.77892233332,-8907.94376260456,-8937.82713556835,-8937.82713556835,-8937.82713556835,-8937.82713556835,-43.4016842699798,-8833.97492441501,-8937.82713556835,-768.972149299786,-8894.42545129837,-6667.97770971772,-8910.46722338759,-8852.04519324701,-1717.09930180768,-8937.82713556835,-30.6554133623806};
xlist={{0.587485,0.3271},{0.528369,0.59755},{0.953331,0.853663},{0.687384,0.350705},{0.684747,0.539404},{0.149123,0.514584},{0.61064,0.578562},{0.795785,0.175245},{0.752333,0.980945},{0.610323,0.533955},{0.331592,0.699664},{0.892803,0.867032},{0.941236,0.466556},{0.621426,0.190451},{0.73101,0.549648},{0.259328,0.827479},{0.899412,0.527905},{0.618172,0.562517},{0.868737,0.760933},{0.441195,0.461317},{0.474085,0.191043},{0.683874,0.0509851},{0.538754,0.351994},{0.813082,0.565202},{0.909509,0.394862},{0.539149,0.284876},{0.24559,0.901946},{0.709894,0.0110853},{0.262137,0.898459},{0.582293,0.171157},{0.528171,0.262023},{0.255547,0.777234},{0.682025,0.978096},{0.701245,0.524248},{0.338329,0.360527},{0.439226,0.361839},{0.359844,0.557247},{0.0713751,0.089737},{0.652687,0.0819915},{0.325924,0.646705},{0.706836,0.549952},{0.763318,0.397059},{0.170745,0.72621},{0.164169,0.80635},{0.0254552,0.295518}};
