k[x_,y_]:=Exp[-1*Sum[(x[[i]]-y[[i]])^2,{i,1,Length[x]}]];
b=50.9241;
alphay={72421.54156103,100000,68210.0320627894,100000,15850.2508095679,32707.5023660745,79418.4291739815,78812.7459055984,100000,65087.4327805936,100000,3511.04194721357,78593.7082582718,8108.10317081432,100000,16981.1363331234,100000,46081.6653142228,100000,-100000,-100000,-100000,-100000,-100000,-100000,-100000,-100000,-100000,-100000,-100000,-10075.901978809,-100000,-31579.0174023108,-12153.5319955422,-11975.1383066194};
xlist={{0.687384,0.350705},{0.149123,0.514584},{0.752333,0.980945},{0.331592,0.699664},{0.492574,0.97895},{0.621426,0.190451},{0.73101,0.549648},{0.259328,0.827479},{0.441195,0.461317},{0.373497,0.718948},{0.474085,0.191043},{0.886067,0.270002},{0.683874,0.0509851},{0.597291,0.898693},{0.538754,0.351994},{0.909509,0.394862},{0.539149,0.284876},{0.508866,0.529891},{0.697033,0.526064},{0.582293,0.171157},{0.528171,0.262023},{0.255547,0.777234},{0.682025,0.978096},{0.397524,0.441607},{0.701245,0.524248},{0.439226,0.361839},{0.359844,0.557247},{0.652687,0.0819915},{0.325924,0.646705},{0.706836,0.549952},{0.0541489,0.467961},{0.763318,0.397059},{0.164169,0.80635},{0.317835,0.611696},{0.0254552,0.295518}};
