k[x_,y_]:=(0.5*Sum[x[[i]]*y[[i]],{i,1,Length[x]}]+0)^3;
b=-1.96497;
alphay={-15947.2517020683,-14873.4920529938,-15947.2517020683,-340.721316940922,-733.038332133547,10664.0813797597,15947.2517020683,4890.39952506595,15947.2517020683,392.770797242657};
xlist={{0.587485,0.3271},{0.528369,0.59755},{0.149123,0.514584},{0.938545,0.0739513},{0.998751,0.438626},{0.582293,0.171157},{0.528171,0.262023},{0.682025,0.978096},{0.338329,0.360527},{0.0152283,0.924369}};
