k[x_,y_]:=Exp[-0.01*Sum[(x[[i]]-y[[i]])^2,{i,1,Length[x]}]];
b=0;
alphay={411.387769113818,-411.387769113818};
xlist={{0.587485,0.3271},{0.145628,0.107693}};
