k[x_,y_]:=Exp[-100*Sum[(x[[i]]-y[[i]])^2,{i,1,Length[x]}]];
b=0.104075;
alphay={0.67203683035204,0.204653208353535,46.2188898781113,0.448205430959085,58.6128281397324,0.038661569363078,1.21719053725214,2.43075785612212,5.74338333855579,0.0109970443054337,0.115678081247952,0.235665802262068,0.404812055311845,4.41368877738749,0.664190118519264,0.72680983891537,62.2439652440947,5.47317030023904,0.647158967618876,0.413825645089109,4.04092937719542,31.6159937753963,0.333931963731619,5.58205757571652,0.261229593051995,1.24238966761833,0.280813138832193,2.00037322831789,0.123859815040563,0.646817738364205,35.0995012327871,0.356384328129152,0.0237888765735759,0.52305397031719,0.393676713484312,96.6856466870591,1.817051999183,-42.4750153218428,-6.30678987966577,-0.451953741150249,-3.54633938711855,-0.655146374400504,-48.1281628663434,-21.3903232565359,-3.96278781900027,-100,-0.480109058649144,-0.741624211045795,-0.171918971395361,-4.08849501930336,-12.0443900352299,-0.784987908154414,-0.660415422906068,-5.96568841746255,-8.01301987664827,-0.248256760059028,-4.71051019110166,-0.357381636212608,-100,-3.54935441126428,-1.38247002873713,-0.427765717035844,-0.608406349039717,-0.812755684288605};
xlist={{0.953331,0.853663},{0.687384,0.350705},{0.684747,0.539404},{0.948912,0.543304},{0.149123,0.514584},{0.795785,0.175245},{0.712777,0.902203},{0.752333,0.980945},{0.331592,0.699664},{0.735853,0.802134},{0.892803,0.867032},{0.471682,0.722169},{0.492574,0.97895},{0.621426,0.190451},{0.938545,0.0739513},{0.68019,0.723895},{0.73101,0.549648},{0.259328,0.827479},{0.868737,0.760933},{0.456044,0.959968},{0.441195,0.461317},{0.474085,0.191043},{0.886067,0.270002},{0.683874,0.0509851},{0.444872,0.808685},{0.597291,0.898693},{0.963846,0.147708},{0.636874,0.627139},{0.496956,0.616187},{0.909509,0.394862},{0.539149,0.284876},{0.945663,0.247154},{0.811833,0.00382725},{0.998751,0.438626},{0.846334,0.194655},{0.697033,0.526064},{0.698282,0.0874383},{0.528171,0.262023},{0.255547,0.777234},{0.0344166,0.875909},{0.682025,0.978096},{0.213116,0.136955},{0.165194,0.504046},{0.47781,0.153341},{0.397524,0.441607},{0.701245,0.524248},{0.439226,0.361839},{0.0152283,0.924369},{0.067698,0.742369},{0.125974,0.465836},{0.125599,0.583567},{0.139918,0.0109527},{0.0713751,0.089737},{0.416416,0.251844},{0.652687,0.0819915},{0.207815,0.273306},{0.325924,0.646705},{0.13644,0.183569},{0.706836,0.549952},{0.0541489,0.467961},{0.763318,0.397059},{0.218318,0.274311},{0.164169,0.80635},{0.0254552,0.295518}};
