k[x_,y_]:=Sum[x[[i]]*y[[i]],{i,1,Length[x]}];
b=-4.51725;
alphay={10,10,10,10,10,10,10,10,10,10,10,10,10,10,4.30964782670865,10,10,10,10,10,10,10,10,-10,-10,-10,-10,-10,-10,-10,-10,-10,-10,-10,-10,-10,-2.75564436254327,-10,-10,-10,-10,-10,-10,-10,-10,-1.55400346416538,-10};
xlist={{0.587485,0.3271},{0.528369,0.59755},{0.149123,0.514584},{0.331592,0.699664},{0.688588,0.0422769},{0.471682,0.722169},{0.621426,0.190451},{0.259328,0.827479},{0.548927,0.484828},{0.441195,0.461317},{0.373497,0.718948},{0.474085,0.191043},{0.754805,0.0309356},{0.683874,0.0509851},{0.444872,0.808685},{0.538754,0.351994},{0.496956,0.616187},{0.539149,0.284876},{0.24559,0.901946},{0.709894,0.0110853},{0.508866,0.529891},{0.698282,0.0874383},{0.262137,0.898459},{0.582293,0.171157},{0.528171,0.262023},{0.255547,0.777234},{0.504067,0.0601133},{0.682025,0.978096},{0.420741,0.28128},{0.47781,0.153341},{0.397524,0.441607},{0.701245,0.524248},{0.346493,0.380695},{0.439226,0.361839},{0.359844,0.557247},{0.427542,0.299616},{0.45257,0.104136},{0.303732,0.515764},{0.326971,0.520569},{0.416416,0.251844},{0.652687,0.0819915},{0.325924,0.646705},{0.308789,0.620014},{0.706836,0.549952},{0.763318,0.397059},{0.164169,0.80635},{0.317835,0.611696}};
