k[x_,y_]:=Exp[-100*Sum[(x[[i]]-y[[i]])^2,{i,1,Length[x]}]];
b=0.0917466;
alphay={16.4036445936429,3.62534835955521,3.33967511868725,7.58737680947171,92.6156440194317,2.03965768775381,57.219614435652,11.5797591270908,1.59430164472499,1.72987088260071,0.447105516063812,60.7819572856148,504.303192050765,-73.6571504795221,-3.14016839698076,-3.09339032413369,-0.495843341730009,-11.4909504376628,-39.0425372504246,-469.129323527213,-1.36667697398979,-1.47354856956896,-1.47291372812253,-1.40521147640909,-3.21320813366846,-2.17633225901714,-1.57343826425223,-10.5185772163643,-12.9041494840131,-1.82779955393742,-122.310629145438,-1.40181475101551,-1.57348421759029};
xlist={{0.149123,0.514584},{0.752333,0.980945},{0.331592,0.699664},{0.621426,0.190451},{0.73101,0.549648},{0.259328,0.827479},{0.474085,0.191043},{0.683874,0.0509851},{0.597291,0.898693},{0.636874,0.627139},{0.909509,0.394862},{0.539149,0.284876},{0.697033,0.526064},{0.528171,0.262023},{0.255547,0.777234},{0.682025,0.978096},{0.0945403,0.650997},{0.165194,0.504046},{0.47781,0.153341},{0.701245,0.524248},{0.166398,0.195618},{0.0152283,0.924369},{0.359844,0.557247},{0.125974,0.465836},{0.125599,0.583567},{0.187054,0.509616},{0.139918,0.0109527},{0.416416,0.251844},{0.652687,0.0819915},{0.325924,0.646705},{0.706836,0.549952},{0.0541489,0.467961},{0.0254552,0.295518}};
