k[x_,y_]:=Exp[-100*Sum[(x[[i]]-y[[i]])^2,{i,1,Length[x]}]];
b=1.22606;
alphay={0.648171789038638,61.9807562965799,0.763404403231459,1.69919361602522,5.3774968515951,3.56191409438752,1.01672286549959,445.746914222825,4.69663384943994,2.64978992072396,32.0921291745314,4.6980934511256,0.447465040914629,4.61361576851192,33.1459729805984,2476.50594739668,1.60906738663747,-41.1821760807085,-6.3987187590447,-0.709163066210989,-3.76998375053505,-1.32334775594583,-51.4755118773534,-22.6535702921511,-3.82650632365029,-2315.85317775308,-0.0485653431810881,-0.746257746517563,-1.62989387545678,-0.0221576953904728,-1.01889944364912,-4.30461281045913,-13.353736567983,-1.58238839918983,-1.33925133040521,-6.85523252702793,-7.96513197897889,-5.45501232749969,-0.682301285164645,-580.032803298392,-4.52990402813988,-1.56672204291514,-1.09860617086384,-1.8296565784579};
xlist={{0.687384,0.350705},{0.149123,0.514584},{0.712777,0.902203},{0.752333,0.980945},{0.331592,0.699664},{0.621426,0.190451},{0.68019,0.723895},{0.73101,0.549648},{0.259328,0.827479},{0.441195,0.461317},{0.474085,0.191043},{0.683874,0.0509851},{0.597291,0.898693},{0.636874,0.627139},{0.539149,0.284876},{0.697033,0.526064},{0.698282,0.0874383},{0.528171,0.262023},{0.255547,0.777234},{0.0344166,0.875909},{0.682025,0.978096},{0.213116,0.136955},{0.165194,0.504046},{0.47781,0.153341},{0.397524,0.441607},{0.701245,0.524248},{0.4612,0.0193706},{0.439226,0.361839},{0.0152283,0.924369},{0.359844,0.557247},{0.067698,0.742369},{0.125974,0.465836},{0.125599,0.583567},{0.139918,0.0109527},{0.0713751,0.089737},{0.416416,0.251844},{0.652687,0.0819915},{0.325924,0.646705},{0.13644,0.183569},{0.706836,0.549952},{0.0541489,0.467961},{0.218318,0.274311},{0.164169,0.80635},{0.0254552,0.295518}};
