k[x_,y_]:=Exp[-1*Sum[(x[[i]]-y[[i]])^2,{i,1,Length[x]}]];
b=72.7361;
alphay={4742.29783473217,4678.6610121884,-9420.95884692056};
xlist={{0.587485,0.3271},{0.474085,0.191043},{0.528171,0.262023}};
