k[x_,y_]:=Exp[-1*Sum[(x[[i]]-y[[i]])^2,{i,1,Length[x]}]];
b=31.0921;
alphay={13898.379623313,7098.57642476262,1112.69765267278,66.184784480772,1592.44418942047,120.879480730162,6854.14495526688,329.39008043372,125.259542064394,5733.91227574192,221.752471605939,2026.67353681129,387.51860176666,274.407505384101,792.107740291462,885.613774239583,175.196230953203,-10130.0711062123,-2770.37030418474,-12927.2194484947,-3573.20541659917,-200.005559075331,-109.202173627393,-75.2701519817636,-1388.98056266784,-325.862828139612,-10194.951318956};
xlist={{0.587485,0.3271},{0.528369,0.59755},{0.953331,0.853663},{0.687384,0.350705},{0.149123,0.514584},{0.795785,0.175245},{0.752333,0.980945},{0.688588,0.0422769},{0.941236,0.466556},{0.492574,0.97895},{0.621426,0.190451},{0.474085,0.191043},{0.886067,0.270002},{0.909509,0.394862},{0.945663,0.247154},{0.998751,0.438626},{0.709894,0.0110853},{0.528171,0.262023},{0.255547,0.777234},{0.682025,0.978096},{0.397524,0.441607},{0.701245,0.524248},{0.4612,0.0193706},{0.359844,0.557247},{0.325924,0.646705},{0.706836,0.549952},{0.763318,0.397059}};
