k[x_,y_]:=Exp[-10*Sum[(x[[i]]-y[[i]])^2,{i,1,Length[x]}]];
b=1.27175;
alphay={69.1146383287133,0.0835658473068732,100,48.8059101715534,100,2.0035854387649,88.792435643235,100,68.0816403418977,100,100,77.664632969119,15.9675887874217,5.73041928360856,24.212142242561,92.1814760923704,100,-100,-100,-100,-67.9486515154158,-14.133292757471,-14.6416105448342,-100,-100,-2.47761649664217,-24.1150593630571,-4.0652801580087,-35.0412851716403,-7.77271532982324,-2.56375785674678,-100,-93.7950280660989,-100,-26.0837378868136,-100};
xlist={{0.687384,0.350705},{0.684747,0.539404},{0.149123,0.514584},{0.752333,0.980945},{0.331592,0.699664},{0.492574,0.97895},{0.621426,0.190451},{0.73101,0.549648},{0.259328,0.827479},{0.441195,0.461317},{0.474085,0.191043},{0.683874,0.0509851},{0.597291,0.898693},{0.813082,0.565202},{0.909509,0.394862},{0.539149,0.284876},{0.697033,0.526064},{0.582293,0.171157},{0.528171,0.262023},{0.255547,0.777234},{0.682025,0.978096},{0.47781,0.153341},{0.397524,0.441607},{0.701245,0.524248},{0.439226,0.361839},{0.0152283,0.924369},{0.359844,0.557247},{0.427542,0.299616},{0.125974,0.465836},{0.125599,0.583567},{0.139918,0.0109527},{0.652687,0.0819915},{0.325924,0.646705},{0.706836,0.549952},{0.0541489,0.467961},{0.763318,0.397059}};
