k[x_,y_]:=Exp[-1*Sum[(x[[i]]-y[[i]])^2,{i,1,Length[x]}]];
b=0.581248;
alphay={899.596445411839,347.280512782224,1000,481.478994227402,1000,314.939208180636,1000,1000,947.351934943042,1000,1000,1000,831.920511936883,1000,1000,1000,315.62863898056,100.300870503691,1000,-1000,-1000,-1000,-1000,-845.80717755542,-1000,-1000,-1000,-49.1232105683241,-1000,-1000,-1000,-1000,-1000,-1000,-343.566728842534,-1000};
xlist={{0.587485,0.3271},{0.948912,0.543304},{0.149123,0.514584},{0.752333,0.980945},{0.331592,0.699664},{0.892803,0.867032},{0.621426,0.190451},{0.259328,0.827479},{0.548927,0.484828},{0.441195,0.461317},{0.373497,0.718948},{0.474085,0.191043},{0.683874,0.0509851},{0.538754,0.351994},{0.496956,0.616187},{0.539149,0.284876},{0.24559,0.901946},{0.998751,0.438626},{0.508866,0.529891},{0.582293,0.171157},{0.528171,0.262023},{0.255547,0.777234},{0.682025,0.978096},{0.47781,0.153341},{0.397524,0.441607},{0.701245,0.524248},{0.439226,0.361839},{0.0152283,0.924369},{0.359844,0.557247},{0.652687,0.0819915},{0.325924,0.646705},{0.308789,0.620014},{0.706836,0.549952},{0.763318,0.397059},{0.164169,0.80635},{0.317835,0.611696}};
