k[x_,y_]:=Exp[-100*Sum[(x[[i]]-y[[i]])^2,{i,1,Length[x]}]];
b=0.260699;
alphay={0.604738803091695,80.9733475117155,0.116933314921483,55.24171874693,1.1626596543697,2.36941201884328,5.79610866028992,0.117771880692219,0.307734248201541,4.47328796458283,0.51844662474201,0.740783243685423,107.2773098865,5.3237266583609,0.500104162717091,0.36826303095743,3.73736589963886,32.9784210312748,0.448562375657583,5.72913731453542,0.229217178620189,1.16084188271091,0.262016052054511,2.94189561121394,0.399593970676485,36.5319068431561,0.179496641106731,0.540637883040752,0.226351367616737,165.784532881191,1.80379895905935,-44.308835574736,-6.43957529854995,-0.480792475422935,-3.56918758640282,-0.68339279935757,-45.4221494405044,-22.4334322848788,-3.78968018095932,-172.948707434051,-0.578154535734871,-0.870970494314495,-0.434088733557287,-3.8427084376865,-11.4848115242079,-0.901075220422658,-0.816797605968559,-6.32534607000617,-8.27744945516766,-0.816406066857012,-4.94596780666939,-0.388256845759705,-172.948707434051,-3.50580370234319,-1.253171766749,-0.509790403723825,-0.87086312407115};
xlist={{0.953331,0.853663},{0.684747,0.539404},{0.948912,0.543304},{0.149123,0.514584},{0.712777,0.902203},{0.752333,0.980945},{0.331592,0.699664},{0.471682,0.722169},{0.492574,0.97895},{0.621426,0.190451},{0.938545,0.0739513},{0.68019,0.723895},{0.73101,0.549648},{0.259328,0.827479},{0.868737,0.760933},{0.456044,0.959968},{0.441195,0.461317},{0.474085,0.191043},{0.886067,0.270002},{0.683874,0.0509851},{0.444872,0.808685},{0.597291,0.898693},{0.963846,0.147708},{0.636874,0.627139},{0.909509,0.394862},{0.539149,0.284876},{0.945663,0.247154},{0.998751,0.438626},{0.846334,0.194655},{0.697033,0.526064},{0.698282,0.0874383},{0.528171,0.262023},{0.255547,0.777234},{0.0344166,0.875909},{0.682025,0.978096},{0.213116,0.136955},{0.165194,0.504046},{0.47781,0.153341},{0.397524,0.441607},{0.701245,0.524248},{0.439226,0.361839},{0.0152283,0.924369},{0.067698,0.742369},{0.125974,0.465836},{0.125599,0.583567},{0.139918,0.0109527},{0.0713751,0.089737},{0.416416,0.251844},{0.652687,0.0819915},{0.207815,0.273306},{0.325924,0.646705},{0.13644,0.183569},{0.706836,0.549952},{0.0541489,0.467961},{0.763318,0.397059},{0.164169,0.80635},{0.0254552,0.295518}};
