k[x_,y_]:=Sum[x[[i]]*y[[i]],{i,1,Length[x]}];
b=-7.69111;
alphay={16515.1874911928,-4989.43542020584,-11525.752070987};
xlist={{0.587485,0.3271},{0.196716,0.132489},{0.763318,0.397059}};
