k[x_,y_]:=(0.5*Sum[x[[i]]*y[[i]],{i,1,Length[x]}]+0)^3;
b=-1.94759;
alphay={1000,1000,1000,848.905349224107,1000,665.710081182072,1000,1000,1000,1000,1000,1000,1000,1000,1000,1000,1000,1000,1000,1000,1000,-1000,-1000,-1000,-147.253026893411,-1000,-1000,-712.577238125955,-1000,-1000,-1000,-1000,-1000,-654.785165386812,-1000,-1000,-1000,-1000,-1000,-1000,-1000,-1000,-1000};
xlist={{0.587485,0.3271},{0.528369,0.59755},{0.149123,0.514584},{0.610323,0.533955},{0.331592,0.699664},{0.688588,0.0422769},{0.625551,0.458324},{0.471682,0.722169},{0.621426,0.190451},{0.259328,0.827479},{0.548927,0.484828},{0.441195,0.461317},{0.373497,0.718948},{0.474085,0.191043},{0.683874,0.0509851},{0.538754,0.351994},{0.496956,0.616187},{0.539149,0.284876},{0.24559,0.901946},{0.508866,0.529891},{0.262137,0.898459},{0.582293,0.171157},{0.528171,0.262023},{0.255547,0.777234},{0.0344166,0.875909},{0.504067,0.0601133},{0.682025,0.978096},{0.47781,0.153341},{0.397524,0.441607},{0.701245,0.524248},{0.439226,0.361839},{0.359844,0.557247},{0.170353,0.67528},{0.303732,0.515764},{0.326971,0.520569},{0.652687,0.0819915},{0.325924,0.646705},{0.308789,0.620014},{0.706836,0.549952},{0.763318,0.397059},{0.170745,0.72621},{0.164169,0.80635},{0.317835,0.611696}};
