k[x_,y_]:=Exp[-100*Sum[(x[[i]]-y[[i]])^2,{i,1,Length[x]}]];
b=0.426761;
alphay={0.464949742864301,0.088435780379206,59.585133314701,1.11178415262083,2.21909397706875,5.69506041417427,0.0507798221047608,0.282614633185994,4.18366784849469,0.428080063044919,0.355780830942566,193.627242864546,5.26461532558237,0.308907560890064,0.23249979160391,3.63292456839752,31.7852832522275,0.185822065424451,5.32822540581473,0.0923151191919292,1.03392914567819,0.173391369679607,4.63117332211396,0.316677699557748,34.620096505745,0.257333273312939,0.430477196295678,0.243780394733099,1000,1.77857279683563,-42.1843046913337,-6.35702500264937,-0.526948095570138,-3.62607878613002,-0.845463931326978,-49.0940372765294,-21.7753733357768,-3.91509632235218,-931.225982445075,-0.562178465609017,-0.996342076981076,-0.41612365458063,-4.15098462227206,-12.4211088046218,-1.01451129809813,-0.854042613963914,-6.22332904376237,-8.01805323878395,-0.0567914333819712,-4.95077905724497,-0.458406556267047,-252.179530841167,-3.83169633329779,-0.872175643039752,-0.746253124579723,-1.10603154281611};
xlist={{0.953331,0.853663},{0.687384,0.350705},{0.149123,0.514584},{0.712777,0.902203},{0.752333,0.980945},{0.331592,0.699664},{0.892803,0.867032},{0.492574,0.97895},{0.621426,0.190451},{0.938545,0.0739513},{0.68019,0.723895},{0.73101,0.549648},{0.259328,0.827479},{0.868737,0.760933},{0.456044,0.959968},{0.441195,0.461317},{0.474085,0.191043},{0.886067,0.270002},{0.683874,0.0509851},{0.444872,0.808685},{0.597291,0.898693},{0.963846,0.147708},{0.636874,0.627139},{0.909509,0.394862},{0.539149,0.284876},{0.945663,0.247154},{0.998751,0.438626},{0.846334,0.194655},{0.697033,0.526064},{0.698282,0.0874383},{0.528171,0.262023},{0.255547,0.777234},{0.0344166,0.875909},{0.682025,0.978096},{0.213116,0.136955},{0.165194,0.504046},{0.47781,0.153341},{0.397524,0.441607},{0.701245,0.524248},{0.439226,0.361839},{0.0152283,0.924369},{0.067698,0.742369},{0.125974,0.465836},{0.125599,0.583567},{0.139918,0.0109527},{0.0713751,0.089737},{0.416416,0.251844},{0.652687,0.0819915},{0.207815,0.273306},{0.325924,0.646705},{0.13644,0.183569},{0.706836,0.549952},{0.0541489,0.467961},{0.218318,0.274311},{0.164169,0.80635},{0.0254552,0.295518}};
