k[x_,y_]:=Exp[-10*Sum[(x[[i]]-y[[i]])^2,{i,1,Length[x]}]];
b=-5.44528;
alphay={2248.37480509324,1905.66947745076,310.474495164799,-3919.47036194567,-357.721458669587,-187.326957093539};
xlist={{0.587485,0.3271},{0.474085,0.191043},{0.538754,0.351994},{0.528171,0.262023},{0.701245,0.524248},{0.4612,0.0193706}};
