k[x_,y_]:=Exp[-0.1*Sum[(x[[i]]-y[[i]])^2,{i,1,Length[x]}]];
b=-64.7877;
alphay={7149.93059560852,-1965.3267646757,-5184.60383093282};
xlist={{0.587485,0.3271},{0.145628,0.107693},{0.763318,0.397059}};
