k[x_,y_]:=(0.5*Sum[x[[i]]*y[[i]],{i,1,Length[x]}]+0)^3;
b=-1.2255;
alphay={80454.7284070606,-42487.4840976533,-37967.2443094073};
xlist={{0.587485,0.3271},{0.145628,0.107693},{0.763318,0.397059}};
