k[x_,y_]:=Exp[-100*Sum[(x[[i]]-y[[i]])^2,{i,1,Length[x]}]];
b=0.255882;
alphay={3.40965300617827,30.4660042967102,34.3748137897465,-41.8834117286705,-20.550045739652,-5.81701362431256};
xlist={{0.621426,0.190451},{0.474085,0.191043},{0.539149,0.284876},{0.528171,0.262023},{0.47781,0.153341},{0.416416,0.251844}};
