k[x_,y_]:=Exp[-1*Sum[(x[[i]]-y[[i]])^2,{i,1,Length[x]}]];
b=-5.50651;
alphay={-1369.2269513238,-1350.85331568132,2636.61420313584,18.3402769079413,26.1453166790348,38.9804702823115};
xlist={{0.587485,0.3271},{0.474085,0.191043},{0.528171,0.262023},{0.682025,0.978096},{0.139918,0.0109527},{0.652687,0.0819915}};
