k[x_,y_]:=Sum[x[[i]]*y[[i]],{i,1,Length[x]}];
b=-67.0603;
alphay={536260.964508577,-41690.3336608976,-162010.843184172,-332559.787663508};
xlist={{0.587485,0.3271},{0.701245,0.524248},{0.196716,0.132489},{0.763318,0.397059}};
