k[x_,y_]:=Exp[-10*Sum[(x[[i]]-y[[i]])^2,{i,1,Length[x]}]];
b=0.531257;
alphay={1000,45.6004299147441,611.129302999335,779.278612133337,965.913051226385,720.908698223175,1000,178.85127102831,848.244307745568,1000,-987.916141269655,-1000,-75.2614616333063,-58.2126794413293,-4.76020665108143,-286.265158676396,-102.532153046603,-1000,-688.015979082892,-192.759792544289,-293.064808884689,-231.334803657749,-97.3557887829516,-5.30616861936511,-79.1667798998012,-193.16367365511,-663.080817425164,-1000,-68.9085649850453,-122.820695015424};
xlist={{0.149123,0.514584},{0.752333,0.980945},{0.331592,0.699664},{0.621426,0.190451},{0.73101,0.549648},{0.441195,0.461317},{0.474085,0.191043},{0.683874,0.0509851},{0.539149,0.284876},{0.697033,0.526064},{0.582293,0.171157},{0.528171,0.262023},{0.255547,0.777234},{0.682025,0.978096},{0.213116,0.136955},{0.165194,0.504046},{0.47781,0.153341},{0.701245,0.524248},{0.439226,0.361839},{0.359844,0.557247},{0.125974,0.465836},{0.125599,0.583567},{0.45257,0.104136},{0.139918,0.0109527},{0.416416,0.251844},{0.652687,0.0819915},{0.325924,0.646705},{0.706836,0.549952},{0.0541489,0.467961},{0.763318,0.397059}};
