k[x_,y_]:=Exp[-10*Sum[(x[[i]]-y[[i]])^2,{i,1,Length[x]}]];
b=3.92378;
alphay={438.288066307948,38.3408745049672,187.940023077934,37.2115099723441,2752.97486740228,1174.47560171406,0.0152868336185434,477.380643522147,4567.26014852412,1059.54190528615,31.4854153678085,493.151380492218,6.78039369569463,2124.04974055741,312.884588313678,-2505.91806602779,-4567.26014852412,-68.8586423008183,-39.5136290200551,-366.329726382217,-327.703647692598,-215.054327463039,-523.740322425994,-1440.01253033418,-1542.95874716343,-147.275495772439,-1421.00024918123,-110.091126554863,-426.063786729595};
xlist={{0.149123,0.514584},{0.752333,0.980945},{0.331592,0.699664},{0.941236,0.466556},{0.621426,0.190451},{0.73101,0.549648},{0.259328,0.827479},{0.441195,0.461317},{0.474085,0.191043},{0.683874,0.0509851},{0.597291,0.898693},{0.538754,0.351994},{0.909509,0.394862},{0.539149,0.284876},{0.697033,0.526064},{0.582293,0.171157},{0.528171,0.262023},{0.682025,0.978096},{0.213116,0.136955},{0.47781,0.153341},{0.359844,0.557247},{0.125599,0.583567},{0.45257,0.104136},{0.416416,0.251844},{0.652687,0.0819915},{0.325924,0.646705},{0.706836,0.549952},{0.0541489,0.467961},{0.763318,0.397059}};
