k[x_,y_]:=Exp[-0.01*Sum[(x[[i]]-y[[i]])^2,{i,1,Length[x]}]];
b=-364.503;
alphay={392317.313642145,-108568.712279503,-283748.601362642};
xlist={{0.587485,0.3271},{0.145628,0.107693},{0.763318,0.397059}};
