k[x_,y_]:=Exp[-10*Sum[(x[[i]]-y[[i]])^2,{i,1,Length[x]}]];
b=0.624589;
alphay={14.5513986529853,38.9494659160884,29.3452885187434,38.9494659160884,0.538600294410118,38.8756044103196,38.9494659160884,35.9516697390844,38.9494659160884,4.58415239768746,38.9494659160884,30.2282103776943,8.25871737426556,14.2969099753834,1.7789316646672,12.9745597104946,38.9494659160884,3.36328646470641,38.9494659160884,-38.9494659160884,-38.9494659160884,-38.9494659160884,-38.9494659160884,-8.77731577000996,-3.86047610316226,-38.9494659160884,-38.9494659160884,-21.1577826454818,-11.8986756450893,-0.639770895636304,-38.9494659160884,-38.9494659160884,-38.9494659160884,-21.2006336667667,-38.9494659160884,-10.3642771060304};
xlist={{0.687384,0.350705},{0.149123,0.514584},{0.752333,0.980945},{0.331592,0.699664},{0.492574,0.97895},{0.621426,0.190451},{0.73101,0.549648},{0.259328,0.827479},{0.441195,0.461317},{0.373497,0.718948},{0.474085,0.191043},{0.683874,0.0509851},{0.597291,0.898693},{0.538754,0.351994},{0.813082,0.565202},{0.909509,0.394862},{0.539149,0.284876},{0.508866,0.529891},{0.697033,0.526064},{0.582293,0.171157},{0.528171,0.262023},{0.255547,0.777234},{0.682025,0.978096},{0.47781,0.153341},{0.397524,0.441607},{0.701245,0.524248},{0.439226,0.361839},{0.359844,0.557247},{0.427542,0.299616},{0.139918,0.0109527},{0.652687,0.0819915},{0.325924,0.646705},{0.706836,0.549952},{0.0541489,0.467961},{0.763318,0.397059},{0.164169,0.80635}};
