k[x_,y_]:=Exp[-0.1*Sum[(x[[i]]-y[[i]])^2,{i,1,Length[x]}]];
b=294.703;
alphay={-41488.4802964309,-41488.4802964309,-14852.3904999832,-34622.9370540566,-41488.4802964309,-34690.831602518,-41488.4802964309,-41488.4802964309,-41488.4802964309,-41488.4802964309,-41488.4802964309,-40299.281732735,-41488.4802964309,41488.4802964309,41488.4802964309,41488.4802964309,2436.80452686882,41488.4802964309,41488.4802964309,8211.04597176668,20659.2622685518,2322.69599451576,41488.4802964309,41488.4802964309,41488.4802964309,10295.4760615967,41488.4802964309,41488.4802964309,39051.6757695621};
xlist={{0.587485,0.3271},{0.528369,0.59755},{0.953331,0.853663},{0.684747,0.539404},{0.149123,0.514584},{0.61064,0.578562},{0.331592,0.699664},{0.259328,0.827479},{0.441195,0.461317},{0.474085,0.191043},{0.539149,0.284876},{0.24559,0.901946},{0.709894,0.0110853},{0.582293,0.171157},{0.528171,0.262023},{0.255547,0.777234},{0.0344166,0.875909},{0.682025,0.978096},{0.420741,0.28128},{0.47781,0.153341},{0.701245,0.524248},{0.439226,0.361839},{0.359844,0.557247},{0.170353,0.67528},{0.416416,0.251844},{0.652687,0.0819915},{0.706836,0.549952},{0.763318,0.397059},{0.164169,0.80635}};
