k[x_,y_]:=Exp[-100*Sum[(x[[i]]-y[[i]])^2,{i,1,Length[x]}]];
b=0.126239;
alphay={0.661405005066328,1.27043569739976,2.81127541169533,0.545917930505889,6.07130618758985,0.0313256849866643,1.19711603781431,2.41564169054767,5.85444586878991,0.0517009128867834,0.0969226484090133,0.172405796049736,0.115502864774364,0.396958809655534,5.42399337887139,0.631523787808365,0.613159941696224,4.3610767967264,5.25521812715647,0.146152990182934,0.659399180928312,0.397339083662774,4.58977112536728,6.07130618758985,0.317374987140747,4.44605156357691,0.286745907174696,1.23004774081674,0.283916136326581,0.469997109180149,0.569731696643975,0.122271641865908,0.749639530889889,5.70907196538892,0.339361662575971,0.148090167959589,0.420118292297594,0.393389991016168,6.07130618758985,1.45725852447335,-4.24291938093074,-6.07130618758985,-6.07130618758985,-0.324565769240714,-3.54675259734866,-0.695842986726854,-5.59595750625196,-4.04698089587769,-4.41204673816529,-6.07130618758985,-0.617771156700454,-0.394972978513402,-0.654799582318341,-0.851014929903778,-0.109636156887404,-0.61335829488864,-0.260306691560905,-1.73069325679544,-0.187144625395562,-0.798661615246491,-0.67756746585754,-2.13995494985596,-6.07130618758985,-4.9977187939349,-0.346277357301645,-6.07130618758985,-1.16779926852343,-1.93593538099095,-0.599124449697313,-0.582239000233571,-0.969101483981329};
xlist={{0.953331,0.853663},{0.687384,0.350705},{0.684747,0.539404},{0.948912,0.543304},{0.149123,0.514584},{0.795785,0.175245},{0.712777,0.902203},{0.752333,0.980945},{0.331592,0.699664},{0.735853,0.802134},{0.892803,0.867032},{0.625551,0.458324},{0.471682,0.722169},{0.492574,0.97895},{0.621426,0.190451},{0.938545,0.0739513},{0.68019,0.723895},{0.73101,0.549648},{0.259328,0.827479},{0.899412,0.527905},{0.868737,0.760933},{0.456044,0.959968},{0.441195,0.461317},{0.474085,0.191043},{0.886067,0.270002},{0.683874,0.0509851},{0.444872,0.808685},{0.597291,0.898693},{0.963846,0.147708},{0.636874,0.627139},{0.496956,0.616187},{0.813082,0.565202},{0.909509,0.394862},{0.539149,0.284876},{0.945663,0.247154},{0.811833,0.00382725},{0.998751,0.438626},{0.846334,0.194655},{0.697033,0.526064},{0.698282,0.0874383},{0.582293,0.171157},{0.528171,0.262023},{0.255547,0.777234},{0.0344166,0.875909},{0.682025,0.978096},{0.213116,0.136955},{0.165194,0.504046},{0.47781,0.153341},{0.397524,0.441607},{0.701245,0.524248},{0.4612,0.0193706},{0.191559,0.342783},{0.439226,0.361839},{0.0152283,0.924369},{0.133353,0.361643},{0.067698,0.742369},{0.125974,0.465836},{0.125599,0.583567},{0.0707422,0.666653},{0.139918,0.0109527},{0.0713751,0.089737},{0.416416,0.251844},{0.652687,0.0819915},{0.325924,0.646705},{0.13644,0.183569},{0.706836,0.549952},{0.0541489,0.467961},{0.763318,0.397059},{0.218318,0.274311},{0.164169,0.80635},{0.0254552,0.295518}};
