k[x_,y_]:=Exp[-0.01*Sum[(x[[i]]-y[[i]])^2,{i,1,Length[x]}]];
b=22.5128;
alphay={-190293.956722318,-190293.956722318,-190293.956722318,87077.2455099407,190293.956722318,103216.711212377,190293.956722318};
xlist={{0.587485,0.3271},{0.528369,0.59755},{0.953331,0.853663},{0.528171,0.262023},{0.682025,0.978096},{0.701245,0.524248},{0.763318,0.397059}};
