k[x_,y_]:=(0.5*Sum[x[[i]]*y[[i]],{i,1,Length[x]}]+0)^3;
b=-1.13318;
alphay={1723.1505052148,4112.80871025146,191.380272687608,4618.04718923687,4618.04718923687,3377.9784805274,4188.50735737506,4618.04718923687,2553.94440228572,2080.74613176198,4618.04718923687,4618.04718923687,243.672896843446,4618.04718923687,4618.04718923687,4618.04718923687,-4618.04718923687,-4618.04718923687,-4618.04718923687,-4618.04718923687,-4618.04718923687,-775.07560924565,-3030.65521875478,-209.587015235136,-4618.04718923687,-4618.04718923687,-4618.04718923687,-2174.75225465524,-2844.72776578451,-4618.04718923687,-3909.46362747291,-909.880076562379};
xlist={{0.587485,0.3271},{0.528369,0.59755},{0.953331,0.853663},{0.149123,0.514584},{0.61064,0.578562},{0.795785,0.175245},{0.752333,0.980945},{0.688588,0.0422769},{0.621426,0.190451},{0.548927,0.484828},{0.441195,0.461317},{0.474085,0.191043},{0.683874,0.0509851},{0.538754,0.351994},{0.539149,0.284876},{0.24559,0.901946},{0.582293,0.171157},{0.528171,0.262023},{0.255547,0.777234},{0.504067,0.0601133},{0.682025,0.978096},{0.165194,0.504046},{0.114707,0.638675},{0.397524,0.441607},{0.701245,0.524248},{0.427542,0.299616},{0.652687,0.0819915},{0.325924,0.646705},{0.308789,0.620014},{0.706836,0.549952},{0.763318,0.397059},{0.164169,0.80635}};
