k[x_,y_]:=Exp[-100*Sum[(x[[i]]-y[[i]])^2,{i,1,Length[x]}]];
b=0.115876;
alphay={0.666002408280244,1.2186065958721,4.55533524511164,0.568274098770432,10,1.19668146305942,2.42691546743628,5.97867599690428,0.0562124616350303,0.101369515883264,0.113478861565237,0.403703724274485,5.21200972889036,0.646705907863978,0.622959127558801,6.81336499304784,5.51799017160867,0.138991859735809,0.665415881581499,0.400954244450303,4.55185809783474,10,0.319412927298213,4.92361314489825,0.286324055416627,1.23763693489902,0.28134724261126,0.538146508605491,0.562344039293937,0.751305214126674,8.69192454403415,0.343866957935642,0.0802236973518318,0.426069815398417,0.416200697837279,10,1.77368970937409,-3.49622895321071,-10,-6.4496449968651,-0.324812511157212,-3.54561440400997,-0.682441850900379,-8.68601576091453,-6.92428092238819,-4.41284403168354,-10,-0.343378457548924,-0.334546330855307,-0.529803828725599,-0.838756063289319,-0.680340032830363,-0.649720994587585,-2.57298287809481,-0.791034017623341,-0.669233487881146,-2.86597271829309,-6.99263828535067,-5.03305022205121,-0.346013391454561,-10,-1.30721999825868,-1.89338838185951,-0.630223708401176,-0.514048085085913,-0.973377027124466};
xlist={{0.953331,0.853663},{0.687384,0.350705},{0.684747,0.539404},{0.948912,0.543304},{0.149123,0.514584},{0.712777,0.902203},{0.752333,0.980945},{0.331592,0.699664},{0.735853,0.802134},{0.892803,0.867032},{0.471682,0.722169},{0.492574,0.97895},{0.621426,0.190451},{0.938545,0.0739513},{0.68019,0.723895},{0.73101,0.549648},{0.259328,0.827479},{0.899412,0.527905},{0.868737,0.760933},{0.456044,0.959968},{0.441195,0.461317},{0.474085,0.191043},{0.886067,0.270002},{0.683874,0.0509851},{0.444872,0.808685},{0.597291,0.898693},{0.963846,0.147708},{0.636874,0.627139},{0.496956,0.616187},{0.909509,0.394862},{0.539149,0.284876},{0.945663,0.247154},{0.811833,0.00382725},{0.998751,0.438626},{0.846334,0.194655},{0.697033,0.526064},{0.698282,0.0874383},{0.582293,0.171157},{0.528171,0.262023},{0.255547,0.777234},{0.0344166,0.875909},{0.682025,0.978096},{0.213116,0.136955},{0.165194,0.504046},{0.47781,0.153341},{0.397524,0.441607},{0.701245,0.524248},{0.4612,0.0193706},{0.191559,0.342783},{0.439226,0.361839},{0.0152283,0.924369},{0.067698,0.742369},{0.125974,0.465836},{0.125599,0.583567},{0.139918,0.0109527},{0.0713751,0.089737},{0.416416,0.251844},{0.652687,0.0819915},{0.325924,0.646705},{0.13644,0.183569},{0.706836,0.549952},{0.0541489,0.467961},{0.763318,0.397059},{0.218318,0.274311},{0.164169,0.80635},{0.0254552,0.295518}};
