k[x_,y_]:=Exp[-100*Sum[(x[[i]]-y[[i]])^2,{i,1,Length[x]}]];
b=0.14008;
alphay={0.5906215822258,1,0.700163887472805,0.597917952586353,1,0.544283629801346,0.569066034040069,1,0.0185252835307763,1,0.042550731285899,0.256581293573534,0.202881007522365,0.30723599576677,0.208002114573472,0.366734911743198,1,0.548801737331947,0.5075646927538,0.900347027140134,1,0.0387270199402321,0.604148839353765,0.429078549409862,1,0.512414268638387,1,0.373831923115217,1,0.450391687935332,0.759113268933325,0.348036042979299,0.387265192313436,0.844884074664474,0.603524225232937,0.525936323408588,0.619453427764225,1,0.357149669319395,0.70317002763191,0.563916484954116,0.459965142035005,0.0632049528372433,0.256374782690776,1,0.543612918956245,-1,-1,-1,-0.293407165486234,-1,-0.702746275616042,-1,-1,-1,-1,-0.909435837400434,-0.051230747006981,-1,-0.881084291644552,-0.286605084284088,-0.346924132524548,-0.706221047054501,-0.449288786558755,-0.425682708409081,-0.271746478256216,-0.632150574411979,-0.120438339997023,-0.491614019861933,-0.179489189228003,-0.807174669118121,-0.686756456929738,-0.988154700497552,-0.318413098856848,-1,-1,-0.343103070841568,-0.349548970042934,-1,-0.932360772094778,-1,-0.684011458599339,-1,-0.947888828740789};
xlist={{0.953331,0.853663},{0.687384,0.350705},{0.684747,0.539404},{0.948912,0.543304},{0.149123,0.514584},{0.795785,0.175245},{0.712777,0.902203},{0.752333,0.980945},{0.610323,0.533955},{0.331592,0.699664},{0.688588,0.0422769},{0.735853,0.802134},{0.892803,0.867032},{0.625551,0.458324},{0.471682,0.722169},{0.492574,0.97895},{0.621426,0.190451},{0.938545,0.0739513},{0.68019,0.723895},{0.73101,0.549648},{0.259328,0.827479},{0.548927,0.484828},{0.868737,0.760933},{0.456044,0.959968},{0.441195,0.461317},{0.373497,0.718948},{0.474085,0.191043},{0.886067,0.270002},{0.683874,0.0509851},{0.444872,0.808685},{0.597291,0.898693},{0.963846,0.147708},{0.636874,0.627139},{0.538754,0.351994},{0.496956,0.616187},{0.813082,0.565202},{0.909509,0.394862},{0.539149,0.284876},{0.945663,0.247154},{0.24559,0.901946},{0.811833,0.00382725},{0.998751,0.438626},{0.672827,0.79192},{0.508866,0.529891},{0.697033,0.526064},{0.698282,0.0874383},{0.582293,0.171157},{0.528171,0.262023},{0.255547,0.777234},{0.0344166,0.875909},{0.682025,0.978096},{0.213116,0.136955},{0.165194,0.504046},{0.47781,0.153341},{0.397524,0.441607},{0.701245,0.524248},{0.4612,0.0193706},{0.191559,0.342783},{0.439226,0.361839},{0.0152283,0.924369},{0.207535,0.524303},{0.252648,0.424279},{0.359844,0.557247},{0.133353,0.361643},{0.067698,0.742369},{0.170353,0.67528},{0.125599,0.583567},{0.187054,0.509616},{0.0707422,0.666653},{0.45257,0.104136},{0.139918,0.0109527},{0.0713751,0.089737},{0.416416,0.251844},{0.293559,0.38293},{0.652687,0.0819915},{0.325924,0.646705},{0.13644,0.183569},{0.308789,0.620014},{0.706836,0.549952},{0.0541489,0.467961},{0.763318,0.397059},{0.218318,0.274311},{0.164169,0.80635},{0.0254552,0.295518}};
