k[x_,y_]:=Exp[-10*Sum[(x[[i]]-y[[i]])^2,{i,1,Length[x]}]];
b=1.75851;
alphay={37.1064823023217,89.0135812101295,52.3398840174875,124.984039405385,62.0403840846393,-81.6307395567522,-25.149788660742,-181.998074684264,-76.7057681182048};
xlist={{0.331592,0.699664},{0.621426,0.190451},{0.259328,0.827479},{0.683874,0.0509851},{0.538754,0.351994},{0.255547,0.777234},{0.441195,0.461317},{0.652687,0.0819915},{0.539149,0.284876}};
