k[x_,y_]:=Exp[-10*Sum[(x[[i]]-y[[i]])^2,{i,1,Length[x]}]];
b=2.06052;
alphay={6.20285259664452,38.1946556214057,14.5519956445081,139.028421398839,-32.1800508482801,-23.3606022985323,-142.437272114585};
xlist={{0.331592,0.699664},{0.621426,0.190451},{0.683874,0.0509851},{0.538754,0.351994},{0.441195,0.461317},{0.652687,0.0819915},{0.539149,0.284876}};
