k[x_,y_]:=Exp[-10*Sum[(x[[i]]-y[[i]])^2,{i,1,Length[x]}]];
b=0.169273;
alphay={0.194922657281406,0.194922657281406,0.194922657281406,0.194922657281406,0.0774881717613957,0.194922657281406,0.194922657281406,0.194922657281406,0.194922657281406,0.0398418549026622,0.194922657281406,0.194922657281406,0.0775926306173476,0.194922657281406,0.194922657281406,0.194922657281406,0.194922657281406,0.194922657281406,0.194922657281406,0.194922657281406,0.194922657281406,0.194922657281406,0.194922657281406,0.194922657281406,0.194922657281406,0.194922657281406,0.194922657281406,0.194922657281406,0.194922657281406,0.194922657281406,0.194922657281406,0.194922657281406,-0.127626461184133,-0.194922657281406,-0.194922657281406,-0.194922657281406,-0.194922657281406,-0.194922657281406,-0.194922657281406,-0.194922657281406,-0.194922657281406,-0.194922657281406,-0.194922657281406,-0.194922657281406,-0.194922657281406,-0.194922657281406,-0.194922657281406,-0.194922657281406,-0.0500371728201403,-0.194922657281406,-0.194922657281406,-0.194922657281406,-0.194922657281406,-0.194922657281406,-0.194922657281406,-0.194922657281406,-0.194922657281406,-0.194922657281406,-0.194922657281406,-0.0172590232771319,-0.194922657281406,-0.194922657281406,-0.194922657281406,-0.194922657281406};
xlist={{0.587485,0.3271},{0.528369,0.59755},{0.953331,0.853663},{0.687384,0.350705},{0.948912,0.543304},{0.752333,0.980945},{0.610323,0.533955},{0.331592,0.699664},{0.688588,0.0422769},{0.892803,0.867032},{0.625551,0.458324},{0.471682,0.722169},{0.492574,0.97895},{0.621426,0.190451},{0.259328,0.827479},{0.548927,0.484828},{0.456044,0.959968},{0.373497,0.718948},{0.754805,0.0309356},{0.683874,0.0509851},{0.444872,0.808685},{0.963846,0.147708},{0.538754,0.351994},{0.496956,0.616187},{0.24559,0.901946},{0.811833,0.00382725},{0.998751,0.438626},{0.709894,0.0110853},{0.925154,0.824263},{0.508866,0.529891},{0.698282,0.0874383},{0.262137,0.898459},{0.145628,0.107693},{0.582293,0.171157},{0.528171,0.262023},{0.255547,0.777234},{0.0344166,0.875909},{0.504067,0.0601133},{0.47781,0.153341},{0.397524,0.441607},{0.4612,0.0193706},{0.439226,0.361839},{0.0152283,0.924369},{0.359844,0.557247},{0.427542,0.299616},{0.067698,0.742369},{0.170353,0.67528},{0.441195,0.461317},{0.0707422,0.666653},{0.474085,0.191043},{0.45257,0.104136},{0.303732,0.515764},{0.326971,0.520569},{0.139918,0.0109527},{0.0713751,0.089737},{0.652687,0.0819915},{0.325924,0.646705},{0.539149,0.284876},{0.308789,0.620014},{0.0541489,0.467961},{0.170745,0.72621},{0.164169,0.80635},{0.317835,0.611696},{0.0254552,0.295518}};
