k[x_,y_]:=Exp[-0.01*Sum[(x[[i]]-y[[i]])^2,{i,1,Length[x]}]];
b=100.827;
alphay={36197.8481048884,16519.5008994305,6273.03409058425,13405.3131148736,36197.8481048884,-36197.8481048884,-36197.8481048884,-36197.8481048884};
xlist={{0.587485,0.3271},{0.528369,0.59755},{0.688588,0.0422769},{0.24559,0.901946},{0.709894,0.0110853},{0.582293,0.171157},{0.528171,0.262023},{0.441195,0.461317}};
