k[x_,y_]:=Exp[-1*Sum[(x[[i]]-y[[i]])^2,{i,1,Length[x]}]];
b=1.32503;
alphay={7.60836555019261,7.60836555019261,7.60836555019261,7.60836555019261,7.60836555019261,7.60836555019261,7.60836555019261,7.60836555019261,7.60836555019261,7.60836555019261,7.60836555019261,7.60836555019261,-7.60836555019261,-7.60836555019261,-7.60836555019261,-5.30578795686659,-3.43006423942661,-7.60836555019261,-7.60836555019261,-7.60836555019261,-7.60836555019261,-7.60836555019261,-6.48087890409202,-7.60836555019261,-7.60836555019261};
xlist={{0.587485,0.3271},{0.331592,0.699664},{0.688588,0.0422769},{0.621426,0.190451},{0.259328,0.827479},{0.548927,0.484828},{0.373497,0.718948},{0.683874,0.0509851},{0.538754,0.351994},{0.24559,0.901946},{0.508866,0.529891},{0.262137,0.898459},{0.582293,0.171157},{0.528171,0.262023},{0.255547,0.777234},{0.504067,0.0601133},{0.0152283,0.924369},{0.359844,0.557247},{0.441195,0.461317},{0.652687,0.0819915},{0.325924,0.646705},{0.539149,0.284876},{0.308789,0.620014},{0.164169,0.80635},{0.317835,0.611696}};
