k[x_,y_]:=Exp[-10*Sum[(x[[i]]-y[[i]])^2,{i,1,Length[x]}]];
b=0.15723;
alphay={1.68249229896793,0.620016105449925,0.00690707966154937,1.68249229896793,1.68249229896793,1.68249229896793,1.68249229896793,1.40231677498601,1.68249229896793,1.68249229896793,1.68249229896793,1.68249229896793,0.123041080347239,1.68249229896793,0.389609628289331,0.823093929201803,-1.68249229896793,-1.68249229896793,-1.68249229896793,-1.52664195197208,-1.55148554617199,-1.68249229896793,-1.68249229896793,-0.592874583670366,-1.68249229896793,-1.68249229896793,-1.68249229896793,-1.68249229896793,-1.37647481508935};
xlist={{0.587485,0.3271},{0.953331,0.853663},{0.752333,0.980945},{0.331592,0.699664},{0.688588,0.0422769},{0.621426,0.190451},{0.259328,0.827479},{0.548927,0.484828},{0.373497,0.718948},{0.683874,0.0509851},{0.538754,0.351994},{0.24559,0.901946},{0.998751,0.438626},{0.508866,0.529891},{0.698282,0.0874383},{0.262137,0.898459},{0.582293,0.171157},{0.528171,0.262023},{0.255547,0.777234},{0.504067,0.0601133},{0.0152283,0.924369},{0.359844,0.557247},{0.441195,0.461317},{0.0713751,0.089737},{0.652687,0.0819915},{0.325924,0.646705},{0.539149,0.284876},{0.164169,0.80635},{0.317835,0.611696}};
