k[x_,y_]:=Exp[-1*Sum[(x[[i]]-y[[i]])^2,{i,1,Length[x]}]];
b=1.46057;
alphay={422.148055458916,435.2349986317,301.224226870005,382.13425027947,-253.738659598251,-313.955828195626,-513.580510413364,-459.46653303285};
xlist={{0.331592,0.699664},{0.621426,0.190451},{0.683874,0.0509851},{0.538754,0.351994},{0.255547,0.777234},{0.441195,0.461317},{0.652687,0.0819915},{0.539149,0.284876}};
