k[x_,y_]:=Sum[x[[i]]*y[[i]],{i,1,Length[x]}];
b=-44.4781;
alphay={982.570352923157,335.255638058578,198.721579430337,104.845933963842,-1621.39350437591};
xlist={{0.587485,0.3271},{0.688588,0.0422769},{0.259328,0.827479},{0.709894,0.0110853},{0.539149,0.284876}};
