k[x_,y_]:=Exp[-100*Sum[(x[[i]]-y[[i]])^2,{i,1,Length[x]}]];
b=0.14414;
alphay={0.698009711753736,0.645488134396748,0.509324717767225,3.89532562514064,0.959978579032108,6.70091046528108,0.903955816751468,3.6360300706761,0.985368788663569,0.641512315686263,6.06116175588034,0.923873488098729,3.63565260007781,0.997182809659564,0.735154753094121,0.711179661878676,1.41187856420162,1.99104238714425,-1.50540768591179,-4.55462116691051,-4.71543723247052,-1.50952517660931,-0.725971287017127,-0.894794360219385,-1.15902225121922,-0.647959565767362,-1.91056063227622,-1.0743241218375,-8.84184236010069,-2.90044493455014,-3.87564335133806,-0.955373366115197,-0.772102752841019};
xlist={{0.587485,0.3271},{0.953331,0.853663},{0.752333,0.980945},{0.331592,0.699664},{0.492574,0.97895},{0.621426,0.190451},{0.73101,0.549648},{0.259328,0.827479},{0.868737,0.760933},{0.886067,0.270002},{0.683874,0.0509851},{0.963846,0.147708},{0.538754,0.351994},{0.998751,0.438626},{0.672827,0.79192},{0.763318,0.397059},{0.508866,0.529891},{0.698282,0.0874383},{0.145628,0.107693},{0.582293,0.171157},{0.255547,0.777234},{0.0344166,0.875909},{0.4612,0.0193706},{0.191559,0.342783},{0.439226,0.361839},{0.207535,0.524303},{0.441195,0.461317},{0.0707422,0.666653},{0.652687,0.0819915},{0.325924,0.646705},{0.539149,0.284876},{0.0541489,0.467961},{0.0254552,0.295518}};
