k[x_,y_]:=Sum[x[[i]]*y[[i]],{i,1,Length[x]}];
b=-40.9345;
alphay={807.433473144534,1000,1000,997.135913857017,-804.569387001552,-1000,-1000,-1000};
xlist={{0.331592,0.699664},{0.688588,0.0422769},{0.259328,0.827479},{0.683874,0.0509851},{0.255547,0.777234},{0.441195,0.461317},{0.652687,0.0819915},{0.539149,0.284876}};
