k[x_,y_]:=(0.5*Sum[x[[i]]*y[[i]],{i,1,Length[x]}]+0)^3;
b=-1.03883;
alphay={179.899820796165,-179.899820796165};
xlist={{0.587485,0.3271},{0.145628,0.107693}};
