k[x_,y_]:=Exp[-1*Sum[(x[[i]]-y[[i]])^2,{i,1,Length[x]}]];
b=2.4745;
alphay={494.120239600627,224.913725902299,523.838656709817,774.054556061325,-939.745713504188,-77.1814647698809,-1000};
xlist={{0.331592,0.699664},{0.621426,0.190451},{0.259328,0.827479},{0.683874,0.0509851},{0.255547,0.777234},{0.441195,0.461317},{0.652687,0.0819915}};
