k[x_,y_]:=Exp[-100*Sum[(x[[i]]-y[[i]])^2,{i,1,Length[x]}]];
b=0.138835;
alphay={0.443168966276936,0.570324144061928,0.0508317968444544,0.299704777134798,0.166314730692414,0.587904850172065,0.208293625181849,0.57781950300246,5.9638355547517,0.164439238534023,0.232438734287778,0.176346033825721,0.12010798676225,0.302902902634243,0.304504619642276,5.91663069785511,0.638932382172135,0.483229420570513,5.50598437555243,0.602381586064494,0.453102675426807,0.212898054611143,5.21266714695661,0.233128789803957,0.511853836971711,0.251596780006504,0.396100489805671,3.14672688547047,0.321553233570036,0.597168959204541,0.422645666781648,0.419828938368595,0.043389920280706,0.53663191145664,0.414458190488294,0.139008999132463,0.657975290684232,1.21599924937809,0.110088236257258,1.69846188356564,-3.95994802186066,-6.44071163172206,-0.387580499462708,-0.70640407782053,-0.885317254869987,-0.0500987456949095,-0.960657400576317,-0.818013171163993,-0.0542581976254443,-0.447202671379354,-0.482790436298797,-0.436732960384567,-0.470587184342406,-0.456728819881507,-1.51917366859809,-0.603962643530172,-0.205798602332819,-0.798043156436143,-0.694421098594626,-0.294421401615225,-0.375551952271526,-7.34167175943605,-5.05345752256403,-0.337895493791872,-3.46407455377784,-0.847063865531116,-0.697581754743358,-0.572953286937627,-0.94827923099686};
xlist={{0.587485,0.3271},{0.953331,0.853663},{0.687384,0.350705},{0.682025,0.978096},{0.684747,0.539404},{0.948912,0.543304},{0.701245,0.524248},{0.752333,0.980945},{0.331592,0.699664},{0.735853,0.802134},{0.892803,0.867032},{0.471682,0.722169},{0.507802,0.903319},{0.72906,0.852625},{0.492574,0.97895},{0.621426,0.190451},{0.938545,0.0739513},{0.68019,0.723895},{0.259328,0.827479},{0.868737,0.760933},{0.456044,0.959968},{0.886067,0.270002},{0.683874,0.0509851},{0.444872,0.808685},{0.597291,0.898693},{0.963846,0.147708},{0.636874,0.627139},{0.538754,0.351994},{0.496956,0.616187},{0.813082,0.565202},{0.909509,0.394862},{0.945663,0.247154},{0.811833,0.00382725},{0.998751,0.438626},{0.846334,0.194655},{0.672827,0.79192},{0.763318,0.397059},{0.508866,0.529891},{0.697033,0.526064},{0.698282,0.0874383},{0.582293,0.171157},{0.255547,0.777234},{0.0344166,0.875909},{0.213116,0.136955},{0.4612,0.0193706},{0.338329,0.360527},{0.439226,0.361839},{0.0152283,0.924369},{0.207535,0.524303},{0.252648,0.424279},{0.133353,0.361643},{0.067698,0.742369},{0.125599,0.583567},{0.187054,0.509616},{0.441195,0.461317},{0.0707422,0.666653},{0.45257,0.104136},{0.139918,0.0109527},{0.0713751,0.089737},{0.416416,0.251844},{0.293559,0.38293},{0.652687,0.0819915},{0.325924,0.646705},{0.13644,0.183569},{0.539149,0.284876},{0.0541489,0.467961},{0.218318,0.274311},{0.164169,0.80635},{0.0254552,0.295518}};
