k[x_,y_]:=Sum[x[[i]]*y[[i]],{i,1,Length[x]}];
b=-16.6822;
alphay={100,100,58.8098514784573,100,100,100,100,100,41.1901485215427,-100,-100,-100,-100,-100,-100,-100,-100};
xlist={{0.331592,0.699664},{0.688588,0.0422769},{0.621426,0.190451},{0.259328,0.827479},{0.683874,0.0509851},{0.538754,0.351994},{0.24559,0.901946},{0.709894,0.0110853},{0.262137,0.898459},{0.582293,0.171157},{0.528171,0.262023},{0.255547,0.777234},{0.359844,0.557247},{0.441195,0.461317},{0.652687,0.0819915},{0.325924,0.646705},{0.539149,0.284876}};
