k[x_,y_]:=Exp[-0.1*Sum[(x[[i]]-y[[i]])^2,{i,1,Length[x]}]];
b=19.7845;
alphay={1000,459.498310420303,1000,1000,1000,1000,-1000,-1000,-1000,-1000,-459.498310420303,-1000};
xlist={{0.331592,0.699664},{0.688588,0.0422769},{0.621426,0.190451},{0.259328,0.827479},{0.683874,0.0509851},{0.538754,0.351994},{0.582293,0.171157},{0.255547,0.777234},{0.441195,0.461317},{0.652687,0.0819915},{0.325924,0.646705},{0.539149,0.284876}};
