k[x_,y_]:=(0.5*Sum[x[[i]]*y[[i]],{i,1,Length[x]}]+0)^3;
b=-10.0723;
alphay={248.506388715884,200.838273743829,3334.00001939849,2884.65535693878,3334.00001939849,-3054.38232802413,-279.617691374357,-3334.00001939849,-3334.00001939849};
xlist={{0.331592,0.699664},{0.688588,0.0422769},{0.621426,0.190451},{0.683874,0.0509851},{0.538754,0.351994},{0.582293,0.171157},{0.255547,0.777234},{0.652687,0.0819915},{0.539149,0.284876}};
