k[x_,y_]:=Exp[-10*Sum[(x[[i]]-y[[i]])^2,{i,1,Length[x]}]];
b=1.98141;
alphay={65.3381182564387,120.600146083173,60.1944251129373,179.462249779121,-96.1196192549558,-0.312017268642092,-263.541000458521,-28.4872712211217,-37.1350310284303};
xlist={{0.331592,0.699664},{0.621426,0.190451},{0.259328,0.827479},{0.683874,0.0509851},{0.255547,0.777234},{0.0713751,0.089737},{0.652687,0.0819915},{0.325924,0.646705},{0.539149,0.284876}};
