k[x_,y_]:=Exp[-10*Sum[(x[[i]]-y[[i]])^2,{i,1,Length[x]}]];
b=1.18316;
alphay={57.361478828625,59.5401308811495,61.1731398405103,62.7144000178552,48.3788178313313,-95.8108148076981,-15.7977242269033,-96.3893224664904,-17.7530601932741,-63.4170457051054};
xlist={{0.331592,0.699664},{0.621426,0.190451},{0.259328,0.827479},{0.683874,0.0509851},{0.538754,0.351994},{0.255547,0.777234},{0.441195,0.461317},{0.652687,0.0819915},{0.325924,0.646705},{0.539149,0.284876}};
