k[x_,y_]:=Exp[-1*Sum[(x[[i]]-y[[i]])^2,{i,1,Length[x]}]];
b=3.21305;
alphay={137.78418890054,310.882726041945,556.537198843006,67.9065700407128,-32.6154163093492,-351.186568538763,-689.308698978091};
xlist={{0.587485,0.3271},{0.683874,0.0509851},{0.538754,0.351994},{0.709894,0.0110853},{0.255547,0.777234},{0.652687,0.0819915},{0.539149,0.284876}};
