k[x_,y_]:=Exp[-100*Sum[(x[[i]]-y[[i]])^2,{i,1,Length[x]}]];
b=0.13862;
alphay={0.481251707045957,0.572074169407568,0.03548467797193,0.304129266273934,0.0295121272285948,0.586530020348832,0.576512886136307,5.98453202163908,0.169507425423252,0.234566785948866,0.169797501494446,0.128403509745729,0.29753779633357,0.312607355576047,5.88798974686762,0.649917782661192,0.464138643047617,5.52356347945365,0.600233478213084,0.435451864946663,0.19659972305741,5.21842077635682,0.239675249647099,0.499480042505857,0.237092125456197,0.413496779778258,3.11769334599233,0.327563771421904,0.59419789325216,0.428190792236876,0.437446800126407,0.0349694620783848,0.531256425979031,0.425080964761734,0.154649965859229,0.657900876687604,1.20877963828159,0.45280267897437,1.71501782383154,-3.93196455759397,-6.46307147967322,-0.382409803664751,-0.704678537748764,-0.876355907049593,-0.0791007224588411,-0.93836082554704,-0.822011400340163,-0.0562623242934737,-0.476119301039621,-0.479710273744546,-0.454670708879752,-0.485259111398341,-0.445302646188245,-1.52171856551681,-0.585297955652509,-0.212915404205276,-0.806102739740677,-0.686280266223169,-0.294693725067049,-0.332893861477989,-7.36449190630344,-5.06765610150621,-0.339087393568343,-3.47350938242103,-0.846262211732958,-0.698628271798147,-0.562355522468631,-0.94688647474618};
xlist={{0.587485,0.3271},{0.953331,0.853663},{0.687384,0.350705},{0.682025,0.978096},{0.684747,0.539404},{0.948912,0.543304},{0.752333,0.980945},{0.331592,0.699664},{0.735853,0.802134},{0.892803,0.867032},{0.471682,0.722169},{0.507802,0.903319},{0.72906,0.852625},{0.492574,0.97895},{0.621426,0.190451},{0.938545,0.0739513},{0.68019,0.723895},{0.259328,0.827479},{0.868737,0.760933},{0.456044,0.959968},{0.886067,0.270002},{0.683874,0.0509851},{0.444872,0.808685},{0.597291,0.898693},{0.963846,0.147708},{0.636874,0.627139},{0.538754,0.351994},{0.496956,0.616187},{0.813082,0.565202},{0.909509,0.394862},{0.945663,0.247154},{0.811833,0.00382725},{0.998751,0.438626},{0.846334,0.194655},{0.672827,0.79192},{0.763318,0.397059},{0.508866,0.529891},{0.697033,0.526064},{0.698282,0.0874383},{0.582293,0.171157},{0.255547,0.777234},{0.0344166,0.875909},{0.213116,0.136955},{0.4612,0.0193706},{0.338329,0.360527},{0.439226,0.361839},{0.0152283,0.924369},{0.207535,0.524303},{0.252648,0.424279},{0.133353,0.361643},{0.067698,0.742369},{0.125599,0.583567},{0.187054,0.509616},{0.441195,0.461317},{0.0707422,0.666653},{0.45257,0.104136},{0.139918,0.0109527},{0.0713751,0.089737},{0.416416,0.251844},{0.293559,0.38293},{0.652687,0.0819915},{0.325924,0.646705},{0.13644,0.183569},{0.539149,0.284876},{0.0541489,0.467961},{0.218318,0.274311},{0.164169,0.80635},{0.0254552,0.295518}};
