k[x_,y_]:=Sum[x[[i]]*y[[i]],{i,1,Length[x]}];
b=-6.16425;
alphay={57.2605381523671,-57.2605381523671};
xlist={{0.587485,0.3271},{0.416416,0.251844}};
