k[x_,y_]:=(0.5*Sum[x[[i]]*y[[i]],{i,1,Length[x]}]+0)^3;
b=-6.0951;
alphay={297.267100191767,1000,114.998550302995,1000,760.992634260405,1000,1000,-1000,-1000,-173.258284755167,-1000,-1000,-1000};
xlist={{0.587485,0.3271},{0.331592,0.699664},{0.688588,0.0422769},{0.621426,0.190451},{0.259328,0.827479},{0.683874,0.0509851},{0.538754,0.351994},{0.582293,0.171157},{0.255547,0.777234},{0.441195,0.461317},{0.652687,0.0819915},{0.325924,0.646705},{0.539149,0.284876}};
