k[x_,y_]:=Sum[x[[i]]*y[[i]],{i,1,Length[x]}];
b=-52.6939;
alphay={1728.99579074666,1711.32882956262,17.6669611840323,1728.99579074666,-231.652256871267,-1728.99579074666,-1469.3518944794,-27.991639395989,-1728.99579074666};
xlist={{0.688588,0.0422769},{0.259328,0.827479},{0.683874,0.0509851},{0.709894,0.0110853},{0.582293,0.171157},{0.441195,0.461317},{0.652687,0.0819915},{0.325924,0.646705},{0.539149,0.284876}};
