k[x_,y_]:=Exp[-100*Sum[(x[[i]]-y[[i]])^2,{i,1,Length[x]}]];
b=0.138566;
alphay={0.23381970733293,0.653539137786424,0.0819558677976036,0.365638450366487,0.45364001013435,0.569965683724643,5.61999587971524,0.128562065813169,0.0947418434991066,0.195236471154889,0.286313997044016,0.3643143395774,6.06250789214869,0.589299254427099,0.361202203443726,1.02714325003837e-05,5.35520926787982,0.093656079052879,0.592985439162121,0.420929888916969,0.279165231216969,5.47408536320836,0.28971724554444,0.44608505799906,0.349716440342472,0.472817690856546,3.42971925365209,0.273956831957739,0.574250925867756,0.361144625237385,0.34661332162692,0.621368312522376,0.381188239243872,0.403109156739266,0.687616016332491,1.22714412981676,0.411132147560409,1.78201382651663,-4.0224991716584,-6.17215514690793,-0.409820533515294,-0.680429027299472,-0.812406518935694,-0.278402613507327,-1.02476551371815,-0.81042651935788,-0.606469223867104,-0.27093995402961,-0.307357384792774,-0.166330719363817,-0.441615440933305,-0.378605329408514,-1.56871826811359,-0.645115271017905,-0.22829642291148,-0.849836631154514,-0.70032141466054,-0.216026886371881,-0.535583104623184,-7.67764943384826,-4.73521873119945,-0.268655478115944,-3.57858356662532,-0.916100317768144,-0.425117143069481,-0.604309774878831,-1.00261202499781};
xlist={{0.587485,0.3271},{0.953331,0.853663},{0.687384,0.350705},{0.682025,0.978096},{0.948912,0.543304},{0.752333,0.980945},{0.331592,0.699664},{0.892803,0.867032},{0.554029,0.904999},{0.471682,0.722169},{0.72906,0.852625},{0.492574,0.97895},{0.621426,0.190451},{0.938545,0.0739513},{0.68019,0.723895},{0.73101,0.549648},{0.259328,0.827479},{0.899412,0.527905},{0.868737,0.760933},{0.456044,0.959968},{0.886067,0.270002},{0.683874,0.0509851},{0.444872,0.808685},{0.597291,0.898693},{0.963846,0.147708},{0.636874,0.627139},{0.538754,0.351994},{0.496956,0.616187},{0.813082,0.565202},{0.909509,0.394862},{0.945663,0.247154},{0.998751,0.438626},{0.846334,0.194655},{0.672827,0.79192},{0.763318,0.397059},{0.508866,0.529891},{0.697033,0.526064},{0.698282,0.0874383},{0.582293,0.171157},{0.255547,0.777234},{0.0344166,0.875909},{0.213116,0.136955},{0.4612,0.0193706},{0.191559,0.342783},{0.439226,0.361839},{0.0152283,0.924369},{0.207535,0.524303},{0.252648,0.424279},{0.133353,0.361643},{0.168286,0.214464},{0.067698,0.742369},{0.125599,0.583567},{0.441195,0.461317},{0.0707422,0.666653},{0.45257,0.104136},{0.139918,0.0109527},{0.0713751,0.089737},{0.416416,0.251844},{0.293559,0.38293},{0.652687,0.0819915},{0.325924,0.646705},{0.13644,0.183569},{0.539149,0.284876},{0.0541489,0.467961},{0.218318,0.274311},{0.164169,0.80635},{0.0254552,0.295518}};
