k[x_,y_]:=Exp[-0.01*Sum[(x[[i]]-y[[i]])^2,{i,1,Length[x]}]];
b=9.97407;
alphay={1000,1000,1000,1000,1000,1000,1000,1000,1000,1000,743.612785170044,39.6072699852043,1000,-1000,-1000,-1000,-1000,-1000,-1000,-1000,-1000,-1000,-1000,-783.220055155248,-1000};
xlist={{0.587485,0.3271},{0.331592,0.699664},{0.688588,0.0422769},{0.621426,0.190451},{0.259328,0.827479},{0.373497,0.718948},{0.683874,0.0509851},{0.538754,0.351994},{0.24559,0.901946},{0.709894,0.0110853},{0.508866,0.529891},{0.698282,0.0874383},{0.262137,0.898459},{0.582293,0.171157},{0.528171,0.262023},{0.255547,0.777234},{0.397524,0.441607},{0.439226,0.361839},{0.359844,0.557247},{0.441195,0.461317},{0.652687,0.0819915},{0.325924,0.646705},{0.539149,0.284876},{0.308789,0.620014},{0.317835,0.611696}};
