k[x_,y_]:=Exp[-100*Sum[(x[[i]]-y[[i]])^2,{i,1,Length[x]}]];
b=0.143173;
alphay={1,0.56933478980481,0.125683739207376,0.303521580901069,0.582294378357963,0.543371732397808,0.573149649229861,1,0.0395709529420401,0.169003115382284,0.232897274810267,0.114419883560611,0.0947531260780657,0.287939910843062,0.29746516646393,0.314955664763429,1,0.554176485153839,0.453880821329551,1,0.133717953577866,0.596332337583841,0.466229410133457,0.513067627132064,0.306930442760005,1,0.416215381341055,0.46165466525572,0.327544266066854,0.427816391067622,1,0.327989153215861,0.602412784387267,0.413689625299223,0.41548824317875,0.69998464067807,0.560815131029899,0.531966889924117,0.0123557102014166,0.156826206179295,0.602600287142406,0.977466514220323,0.429535829004125,0.544645553924466,-1,-0.741426043740461,-1,-0.303060701222807,-0.0531708685485256,-0.705543266073495,-0.830910762400093,-0.270745126312287,-0.672285455008984,-0.877451346248741,-0.424045220843993,-0.488312091153868,-0.519461709447676,-0.49515330770657,-0.396724923006614,-0.293168684114135,-0.421165571076366,-0.135774739330532,-1,-0.554948475148706,-0.501250435801489,-0.808971478968934,-0.688550940820229,-0.496793071161746,-0.212424010862954,-1,-1,-0.34302275675355,-1,-0.429474573408997,-0.876921446241289,-0.694124288839604,-1,-0.946822020287024};
xlist={{0.587485,0.3271},{0.953331,0.853663},{0.687384,0.350705},{0.682025,0.978096},{0.948912,0.543304},{0.795785,0.175245},{0.752333,0.980945},{0.331592,0.699664},{0.688588,0.0422769},{0.735853,0.802134},{0.892803,0.867032},{0.625551,0.458324},{0.554029,0.904999},{0.471682,0.722169},{0.72906,0.852625},{0.492574,0.97895},{0.621426,0.190451},{0.938545,0.0739513},{0.68019,0.723895},{0.259328,0.827479},{0.548927,0.484828},{0.868737,0.760933},{0.456044,0.959968},{0.373497,0.718948},{0.886067,0.270002},{0.683874,0.0509851},{0.444872,0.808685},{0.597291,0.898693},{0.963846,0.147708},{0.636874,0.627139},{0.538754,0.351994},{0.496956,0.616187},{0.813082,0.565202},{0.909509,0.394862},{0.945663,0.247154},{0.24559,0.901946},{0.811833,0.00382725},{0.998751,0.438626},{0.846334,0.194655},{0.672827,0.79192},{0.763318,0.397059},{0.508866,0.529891},{0.697033,0.526064},{0.698282,0.0874383},{0.582293,0.171157},{0.528171,0.262023},{0.255547,0.777234},{0.0344166,0.875909},{0.504067,0.0601133},{0.213116,0.136955},{0.4612,0.0193706},{0.338329,0.360527},{0.439226,0.361839},{0.0152283,0.924369},{0.207535,0.524303},{0.252648,0.424279},{0.359844,0.557247},{0.133353,0.361643},{0.067698,0.742369},{0.170353,0.67528},{0.125599,0.583567},{0.187054,0.509616},{0.441195,0.461317},{0.0707422,0.666653},{0.45257,0.104136},{0.139918,0.0109527},{0.0713751,0.089737},{0.416416,0.251844},{0.293559,0.38293},{0.652687,0.0819915},{0.325924,0.646705},{0.13644,0.183569},{0.539149,0.284876},{0.308789,0.620014},{0.0541489,0.467961},{0.218318,0.274311},{0.164169,0.80635},{0.0254552,0.295518}};
