k[x_,y_]:=Exp[-10*Sum[(x[[i]]-y[[i]])^2,{i,1,Length[x]}]];
b=0.129636;
alphay={1,0.571981569562749,0.109747799103025,1,1,1,1,1,1,1,1,1,1,0.274667642486949,1,0.959173155022126,1,-1,-1,-1,-0.411334137153955,-1,-0.416704189407048,-0.588176016943054,-1,-1,-1,-0.611976942633068,-1,-1,-1,-0.887378880037725,-1,-1};
xlist={{0.587485,0.3271},{0.953331,0.853663},{0.752333,0.980945},{0.331592,0.699664},{0.688588,0.0422769},{0.621426,0.190451},{0.259328,0.827479},{0.548927,0.484828},{0.373497,0.718948},{0.683874,0.0509851},{0.538754,0.351994},{0.496956,0.616187},{0.24559,0.901946},{0.998751,0.438626},{0.508866,0.529891},{0.698282,0.0874383},{0.262137,0.898459},{0.582293,0.171157},{0.528171,0.262023},{0.255547,0.777234},{0.0344166,0.875909},{0.504067,0.0601133},{0.4612,0.0193706},{0.439226,0.361839},{0.0152283,0.924369},{0.359844,0.557247},{0.441195,0.461317},{0.0713751,0.089737},{0.652687,0.0819915},{0.325924,0.646705},{0.539149,0.284876},{0.308789,0.620014},{0.164169,0.80635},{0.317835,0.611696}};
