k[x_,y_]:=Exp[-100*Sum[(x[[i]]-y[[i]])^2,{i,1,Length[x]}]];
b=0.174394;
alphay={0.622109961871018,0.548982251057439,0.284643934270678,0.291284321766376,0.560673149151704,0.553620318252541,0.553630081808492,0.622109961871018,0.207431624837429,0.165070718858989,0.223968692989617,0.123650795644116,0.0856190550840086,0.219884357016958,0.28444572732806,0.307308603560957,0.622109961871018,0.531414023788416,0.436726451328521,0.622109961871018,0.312353108980307,0.574851617536888,0.446123560169301,0.622109961871018,0.294754395728906,0.622109961871018,0.415757640984903,0.449933469381388,0.316779947247619,0.41118747566126,0.622109961871018,0.438241058866517,0.585033570771427,0.4067316638996,0.401780498084962,0.622109961871018,0.560087672165286,0.509602283137024,0.15097220400716,0.515762721719257,0.622109961871018,0.402205599846031,0.422790596004289,0.0710060083549559,-0.622109961871018,-0.622109961871018,-0.622109961871018,-0.557309807881595,-0.30410109598424,-0.622109961871018,-0.370263364057461,-0.135701202809427,-0.161630815014153,-0.622109961871018,-0.314359000226657,-0.100701150079631,-0.622109961871018,-0.622109961871018,-0.466829034308795,-0.507955587599182,-0.584803245317098,-0.184184024178447,-0.475092905843872,-0.156351555045893,-0.30470942790868,-0.469622123389358,-0.0379782870739982,-0.622109961871018,-0.0237862939246654,-0.511822320873707,-0.417745947511407,-0.622109961871018,-0.622109961871018,-0.583778977014395,-0.167290708050038,-0.622109961871018,-0.0472802260295417,-0.622109961871018,-0.452988111252509,-0.622109961871018,-0.618477330388688,-0.622109961871018,-0.132666962559801,-0.622109961871018,-0.622109961871018,-0.622109961871018};
xlist={{0.587485,0.3271},{0.953331,0.853663},{0.687384,0.350705},{0.682025,0.978096},{0.948912,0.543304},{0.795785,0.175245},{0.752333,0.980945},{0.331592,0.699664},{0.688588,0.0422769},{0.735853,0.802134},{0.892803,0.867032},{0.625551,0.458324},{0.554029,0.904999},{0.471682,0.722169},{0.72906,0.852625},{0.492574,0.97895},{0.621426,0.190451},{0.938545,0.0739513},{0.68019,0.723895},{0.259328,0.827479},{0.548927,0.484828},{0.868737,0.760933},{0.456044,0.959968},{0.373497,0.718948},{0.886067,0.270002},{0.683874,0.0509851},{0.444872,0.808685},{0.597291,0.898693},{0.963846,0.147708},{0.636874,0.627139},{0.538754,0.351994},{0.496956,0.616187},{0.813082,0.565202},{0.909509,0.394862},{0.945663,0.247154},{0.24559,0.901946},{0.811833,0.00382725},{0.998751,0.438626},{0.672827,0.79192},{0.763318,0.397059},{0.508866,0.529891},{0.697033,0.526064},{0.698282,0.0874383},{0.262137,0.898459},{0.582293,0.171157},{0.528171,0.262023},{0.255547,0.777234},{0.0344166,0.875909},{0.504067,0.0601133},{0.213116,0.136955},{0.102454,0.368248},{0.47781,0.153341},{0.397524,0.441607},{0.4612,0.0193706},{0.338329,0.360527},{0.191559,0.342783},{0.439226,0.361839},{0.0152283,0.924369},{0.207535,0.524303},{0.252648,0.424279},{0.359844,0.557247},{0.133353,0.361643},{0.067698,0.742369},{0.125974,0.465836},{0.170353,0.67528},{0.125599,0.583567},{0.187054,0.509616},{0.441195,0.461317},{0.196716,0.132489},{0.0707422,0.666653},{0.45257,0.104136},{0.139918,0.0109527},{0.0713751,0.089737},{0.416416,0.251844},{0.293559,0.38293},{0.652687,0.0819915},{0.207815,0.273306},{0.325924,0.646705},{0.13644,0.183569},{0.539149,0.284876},{0.308789,0.620014},{0.0541489,0.467961},{0.170745,0.72621},{0.218318,0.274311},{0.164169,0.80635},{0.0254552,0.295518}};
