k[x_,y_]:=Exp[-0.1*Sum[(x[[i]]-y[[i]])^2,{i,1,Length[x]}]];
b=0;
alphay={2427.96179450072,-2427.96179450072};
xlist={{0.587485,0.3271},{0.539149,0.284876}};
