k[x_,y_]:=Exp[-1*Sum[(x[[i]]-y[[i]])^2,{i,1,Length[x]}]];
b=0;
alphay={243.26440181536,-243.26440181536};
xlist={{0.587485,0.3271},{0.539149,0.284876}};
