k[x_,y_]:=Exp[-100*Sum[(x[[i]]-y[[i]])^2,{i,1,Length[x]}]];
b=0.132299;
alphay={0.616738185155279,0.576506851094688,0.177498768471191,0.308801226144851,0.00724871708074322,0.591008227971476,0.449927282684465,0.578992983363855,2.14195176265881,0.171532629856152,0.236002510631261,0.0514968450132063,0.0938500106308474,0.399139181223756,0.301160038429874,0.317680941055435,2.14195176265881,0.578585409499574,0.458618215509131,2.14195176265881,0.604124269975717,0.47508002615459,0.0895093935597534,0.289946718517759,1.96412923076447,0.411319820892291,0.468366449459438,0.314374402067109,0.429504133272624,2.14195176265881,0.233464713429913,0.604465037174493,0.42418940362551,0.423969456726607,0.295086422310766,0.465061477317033,0.536911524685451,0.0902305799420412,0.159429936974351,0.596902332552547,1.25020964415757,0.457739277625523,0.63681182626914,-2.11487327380155,-2.14195176265881,-0.302410012796847,-0.698782083591679,-0.872177641247218,-0.0394893798851663,-0.831553673514024,-0.867215315560882,-0.436906028102287,-0.376589566873042,-0.243923209780999,-0.497582093702997,-0.391000781261881,-0.149910245474265,-0.449954608643788,-0.127155145688806,-1.4363715338747,-0.58391071076311,-0.399571987714636,-0.107153654275824,-0.801175446370766,-0.682136225302035,-0.516802188767345,-0.410810748385391,-2.14195176265881,-2.14195176265881,-0.340111393644601,-2.14195176265881,-0.86278845629829,-0.685366556841438,-0.973588814682093,-0.936303324424829};
xlist={{0.587485,0.3271},{0.953331,0.853663},{0.687384,0.350705},{0.682025,0.978096},{0.684747,0.539404},{0.948912,0.543304},{0.795785,0.175245},{0.752333,0.980945},{0.331592,0.699664},{0.735853,0.802134},{0.892803,0.867032},{0.625551,0.458324},{0.554029,0.904999},{0.471682,0.722169},{0.72906,0.852625},{0.492574,0.97895},{0.621426,0.190451},{0.938545,0.0739513},{0.68019,0.723895},{0.259328,0.827479},{0.868737,0.760933},{0.456044,0.959968},{0.373497,0.718948},{0.886067,0.270002},{0.683874,0.0509851},{0.444872,0.808685},{0.597291,0.898693},{0.963846,0.147708},{0.636874,0.627139},{0.538754,0.351994},{0.496956,0.616187},{0.813082,0.565202},{0.909509,0.394862},{0.945663,0.247154},{0.24559,0.901946},{0.811833,0.00382725},{0.998751,0.438626},{0.846334,0.194655},{0.672827,0.79192},{0.763318,0.397059},{0.508866,0.529891},{0.697033,0.526064},{0.698282,0.0874383},{0.582293,0.171157},{0.255547,0.777234},{0.0344166,0.875909},{0.213116,0.136955},{0.4612,0.0193706},{0.338329,0.360527},{0.439226,0.361839},{0.0152283,0.924369},{0.207535,0.524303},{0.252648,0.424279},{0.359844,0.557247},{0.133353,0.361643},{0.067698,0.742369},{0.170353,0.67528},{0.125599,0.583567},{0.187054,0.509616},{0.441195,0.461317},{0.0707422,0.666653},{0.45257,0.104136},{0.303732,0.515764},{0.139918,0.0109527},{0.0713751,0.089737},{0.416416,0.251844},{0.293559,0.38293},{0.652687,0.0819915},{0.325924,0.646705},{0.13644,0.183569},{0.539149,0.284876},{0.0541489,0.467961},{0.218318,0.274311},{0.164169,0.80635},{0.0254552,0.295518}};
