k[x_,y_]:=Exp[-0.01*Sum[(x[[i]]-y[[i]])^2,{i,1,Length[x]}]];
b=0;
alphay={2863.4947943332,-2863.4947943332};
xlist={{0.587485,0.3271},{0.416416,0.251844}};
