k[x_,y_]:=Exp[-10*Sum[(x[[i]]-y[[i]])^2,{i,1,Length[x]}]];
b=1.27269;
alphay={55.2397049397019,58.8911355725309,64.4800093292384,65.8792691917106,47.5641777672394,-100,-17.4026496582621,-100,-13.8295780167646,-60.8220691253945};
xlist={{0.331592,0.699664},{0.621426,0.190451},{0.259328,0.827479},{0.683874,0.0509851},{0.538754,0.351994},{0.255547,0.777234},{0.441195,0.461317},{0.652687,0.0819915},{0.325924,0.646705},{0.539149,0.284876}};
