k[x_,y_]:=Exp[-1*Sum[(x[[i]]-y[[i]])^2,{i,1,Length[x]}]];
b=2.85569;
alphay={17.1280376576751,100,100,85.2871935083557,99.9141236481082,100,-100,-100,-2.32935481413901,-100,-100,-100};
xlist={{0.587485,0.3271},{0.331592,0.699664},{0.621426,0.190451},{0.259328,0.827479},{0.683874,0.0509851},{0.538754,0.351994},{0.582293,0.171157},{0.255547,0.777234},{0.0152283,0.924369},{0.652687,0.0819915},{0.325924,0.646705},{0.539149,0.284876}};
