k[x_,y_]:=(0.5*Sum[x[[i]]*y[[i]],{i,1,Length[x]}]+0)^3;
b=-6.75553;
alphay={2635.26452305644,-2635.26452305644};
xlist={{0.587485,0.3271},{0.539149,0.284876}};
