k[x_,y_]:=Exp[-10*Sum[(x[[i]]-y[[i]])^2,{i,1,Length[x]}]];
b=-0.996264;
alphay={-0.0001,-0.0001,-0.0001,-0.0001,-0.0001,-0.0001,-0.0001,-0.0001,-0.0001,-0.0001,-0.0001,-0.0001,-0.0001,-0.0001,-0.0001,-0.0001,-0.0001,-0.0001,-0.0001,-0.0001,-0.0001,-0.0001,-0.0001,-0.0001,-0.0001,-0.0001,-0.0001,-0.0001,-0.0001,-0.0001,-0.0001,-0.0001,-0.0001,-0.0001,-0.0001,-0.0001,-0.0001,-0.0001,-0.0001,-0.0001,-0.0001,-0.0001,-0.0001,-0.0001,-0.0001,-0.0001,-0.0001,-0.0001,-0.0001,-0.0001,-0.0001,-0.0001,-0.0001,-0.0001,-0.0001,0.0001,0.0001,0.0001,0.0001,0.0001,0.0001,0.0001,0.0001,0.0001,0.0001,0.0001,0.0001,0.0001,0.0001,0.0001,0.0001,0.0001,0.0001,0.0001,0.0001,0.0001,0.0001,0.0001,0.0001,0.0001,0.0001,0.0001,0.0001,0.0001,0.0001,0.0001,0.0001,0.0001,0.0001,0.0001,0.0001,0.0001,0.0001,0.0001,0.0001,0.0001,0.0001,0.0001,0.0001,0.0001,0.0001,0.0001,0.0001,0.0001,0.0001,0.0001,0.0001,0.0001,0.0001,0.0001};
xlist={{0.489863,0.0305051},{0.502138,0.32148},{0.541731,0.0575199},{0.543503,0.273656},{0.45963,0.268943},{0.581664,-0.0125588},{0.578284,0.237287},{0.568122,0.118974},{0.565554,0.232745},{0.552079,0.17615},{0.602375,0.1593},{0.48461,0.404981},{0.583625,0.330996},{0.351561,0.173119},{0.528185,0.346787},{0.593817,0.293619},{0.556915,0.313055},{0.361876,0.694659},{0.614602,0.165391},{0.5123,0.115041},{0.5038,0.351581},{0.446741,0.501701},{0.471556,0.635381},{0.474222,0.614163},{0.399086,0.394161},{0.626504,0.187076},{0.460522,0.386748},{0.480183,0.0707475},{0.467103,0.0933128},{0.461761,0.352107},{0.465311,0.0658186},{0.513651,0.107265},{0.462079,0.199973},{0.461437,0.26022},{0.574125,0.205709},{0.450873,0.238511},{0.413703,0.281598},{0.544069,-0.00172444},{0.420351,0.43356},{0.431417,0.367343},{0.520747,0.362571},{0.482044,0.290525},{0.507978,0.524091},{0.645196,0.177188},{0.47746,0.320118},{0.410366,0.467568},{0.406318,0.722603},{0.436979,0.31265},{0.519659,0.0689437},{0.43965,0.431607},{0.471113,0.55486},{0.574412,0.0898252},{0.743745,-0.100583},{0.589461,-0.026244},{0.467445,0.715147},{0.441151,0.847503},{0.380413,0.743099},{0.352328,0.891995},{0.552395,0.919801},{0.293599,0.85546},{0.867345,0.721681},{0.985903,0.912891},{0.505072,0.811549},{0.110398,0.68641},{0.659472,0.797246},{0.441294,0.898744},{0.061663,0.824745},{0.328774,0.790798},{0.334046,0.764304},{0.76239,0.756617},{0.449297,0.874502},{0.174428,0.805493},{0.704636,0.812891},{0.633367,0.735551},{0.558697,0.851322},{0.145372,0.716144},{0.334734,0.804516},{0.368084,0.878614},{0.16208,0.69465},{0.747883,0.836116},{0.329047,0.81841},{0.22488,0.808594},{0.775712,0.821566},{0.658745,0.767098},{0.416264,0.688228},{0.995828,0.688111},{0.322289,0.775395},{0.222217,0.815686},{0.586172,0.931692},{0.150842,0.78242},{0.594071,0.804053},{0.182079,0.942206},{0.755832,0.815934},{0.176725,0.744803},{-0.189764,0.787702},{0.503446,0.814028},{0.365395,0.775488},{0.259855,0.919488},{0.283335,0.7906},{0.922081,0.687121},{0.915827,0.782588},{0.126395,0.944876},{0.485547,0.90405},{-0.00913352,0.936011},{0.784908,0.810777},{0.545483,0.673433},{0.778249,0.849624},{0.748788,0.82287},{-0.160715,0.669173},{0.747616,0.867949}};
