k[x_,y_]:=(0.5*Sum[x[[i]]*y[[i]],{i,1,Length[x]}]+0)^3;
b=-3.22219;
alphay={-175.425092002585,-2378.86207377177,1357.98132474279,1196.30584103157};
xlist={{0.489863,0.0305051},{0.467445,0.715147},{0.380413,0.743099},{0.545483,0.673433}};
