k[x_,y_]:=Exp[-10*Sum[(x[[i]]-y[[i]])^2,{i,1,Length[x]}]];
b=-2.24419;
alphay={0.055595315531934,0.435236660226814,1,0.193251110297818,1,0.409239632322796,0.000597642610278139,1,1,1,0.796472354201828,0.00236989096228533,0.317357696496447,0.460625100825223,0.683495422157996,0.457145406640555,0.5346291037656,1,1,0.653984663960425};
xlist={{0.489863,0.0305051},{0.552395,0.919801},{0.985903,0.912891},{0.583625,0.330996},{0.351561,0.173119},{0.16208,0.69465},{0.361876,0.694659},{0.995828,0.688111},{0.586172,0.931692},{0.182079,0.942206},{-0.189764,0.787702},{0.259855,0.919488},{0.922081,0.687121},{-0.00913352,0.936011},{0.507978,0.524091},{0.645196,0.177188},{0.410366,0.467568},{-0.160715,0.669173},{0.743745,-0.100583},{0.589461,-0.026244}};
