k[x_,y_]:=Exp[-10*Sum[(x[[i]]-y[[i]])^2,{i,1,Length[x]}]];
b=3.00954;
alphay={-0.150124096976898,-447.960534662029,-55.8157994709571,-1000,-3.5698102286203,-469.356104140251,775.971450937694,50.9606897376461,1000,149.920231923495};
xlist={{0.489863,0.0305051},{0.361876,0.694659},{0.507978,0.524091},{0.406318,0.722603},{0.743745,-0.100583},{0.467445,0.715147},{0.380413,0.743099},{0.505072,0.811549},{0.416264,0.688228},{0.545483,0.673433}};
