k[x_,y_]:=Exp[-100*Sum[(x[[i]]-y[[i]])^2,{i,1,Length[x]}]];
b=0.271675;
alphay={-0.402339994405957,-0.974563751715533,-0.845512387998504,-26.9653138825884,-20.5786429088796,-1.09961268135747,-0.846724591505179,-0.353446635577109,-0.857055256140832,-0.644668661238251,-101.733917879723,-0.5787386199798,-1.21856427633842,-0.912692602061587,-1.2009813865271,62.7916152929767,0.680461239489356,3.02293352187272,0.508571285239147,0.358516640193467,1.07159401912152,80.3748370916101,0.341696250739517,0.590110306452833,0.501760799528436,0.822591831172426,0.187319394624938,0.558933534228406,6.23904534297647,0.50393566274665,0.658853303064055};
xlist={{0.48461,0.404981},{0.583625,0.330996},{0.351561,0.173119},{0.361876,0.694659},{0.471556,0.635381},{0.626504,0.187076},{0.465311,0.0658186},{0.462079,0.199973},{0.413703,0.281598},{0.420351,0.43356},{0.406318,0.722603},{0.574412,0.0898252},{0.743745,-0.100583},{0.589461,-0.026244},{0.467445,0.715147},{0.380413,0.743099},{0.985903,0.912891},{0.505072,0.811549},{0.061663,0.824745},{0.76239,0.756617},{0.16208,0.69465},{0.416264,0.688228},{0.586172,0.931692},{0.182079,0.942206},{-0.189764,0.787702},{0.922081,0.687121},{0.126395,0.944876},{-0.00913352,0.936011},{0.545483,0.673433},{-0.160715,0.669173},{0.747616,0.867949}};
