k[x_,y_]:=Exp[-100*Sum[(x[[i]]-y[[i]])^2,{i,1,Length[x]}]];
b=0.200524;
alphay={-0.239718082776223,-0.176767648919438,-0.818162608170141,-0.95043610185229,-0.0453500210749033,-6.94647314090061,-2.92321049991372,-0.546442429624499,-0.659705000528874,-0.128056115589571,-0.4768271363293,-0.596462267252058,-0.190483725235997,-0.609543998575714,-0.92499989326307,-0.517306243581634,-10,-0.323955228379028,-1.15103321997675,-0.919280532656134,-3.99302457107568,10,0.319200386209457,0.75574600107342,1.38455773663135,0.340205659290969,0.210788901362051,0.14061919220904,0.475203638598471,0.425515457382218,0.16451763594767,0.463689578289648,0.162699348960749,10,0.626653983442219,0.572341390172666,0.115935209465375,0.0466663266092389,0.648503616803933,0.528376101845976,0.0738552940842157,0.318111287635374,0.425779223432223,0.640960059118247,3.0716113963325,0.0475499926636395,0.65253528616758,0.525615761947399};
xlist={{0.489863,0.0305051},{0.48461,0.404981},{0.583625,0.330996},{0.351561,0.173119},{0.593817,0.293619},{0.361876,0.694659},{0.471556,0.635381},{0.399086,0.394161},{0.465311,0.0658186},{0.462079,0.199973},{0.522062,0.208185},{0.413703,0.281598},{0.520747,0.362571},{0.507978,0.524091},{0.645196,0.177188},{0.410366,0.467568},{0.406318,0.722603},{0.574412,0.0898252},{0.743745,-0.100583},{0.589461,-0.026244},{0.467445,0.715147},{0.380413,0.743099},{0.867345,0.721681},{0.985903,0.912891},{0.505072,0.811549},{0.110398,0.68641},{0.659472,0.797246},{0.441294,0.898744},{0.061663,0.824745},{0.76239,0.756617},{0.174428,0.805493},{0.16208,0.69465},{0.22488,0.808594},{0.416264,0.688228},{0.995828,0.688111},{0.586172,0.931692},{0.182079,0.942206},{0.176725,0.744803},{-0.189764,0.787702},{0.259855,0.919488},{0.922081,0.687121},{0.915827,0.782588},{0.126395,0.944876},{-0.00913352,0.936011},{0.545483,0.673433},{0.778249,0.849624},{-0.160715,0.669173},{0.747616,0.867949}};
