k[x_,y_]:=Exp[-0.01*Sum[(x[[i]]-y[[i]])^2,{i,1,Length[x]}]];
b=0;
alphay={-149.785872437684,149.785872437684};
xlist={{0.489863,0.0305051},{0.441151,0.847503}};
