k[x_,y_]:=Exp[-1*Sum[(x[[i]]-y[[i]])^2,{i,1,Length[x]}]];
b=-15.9558;
alphay={1,1,1,1,1,1,1,0.0479146062657838,0.952085393734216,1,1,1,1,1,1,1,1,1,1,1,1,1,1,1,1};
xlist={{0.489863,0.0305051},{0.541731,0.0575199},{0.581664,-0.0125588},{0.867345,0.721681},{0.985903,0.912891},{0.061663,0.824745},{0.995828,0.688111},{0.586172,0.931692},{0.150842,0.78242},{0.182079,0.942206},{0.480183,0.0707475},{-0.189764,0.787702},{0.259855,0.919488},{0.465311,0.0658186},{0.922081,0.687121},{0.915827,0.782588},{0.544069,-0.00172444},{0.126395,0.944876},{-0.00913352,0.936011},{0.778249,0.849624},{0.519659,0.0689437},{-0.160715,0.669173},{0.743745,-0.100583},{0.589461,-0.026244},{0.747616,0.867949}};
