k[x_,y_]:=Exp[-100*Sum[(x[[i]]-y[[i]])^2,{i,1,Length[x]}]];
b=0.209143;
alphay={-0.241839811925455,-0.104603663407317,-0.796337353634885,-0.956797142020762,-0.057712251146287,-1.18651693117511,-1.18651693117511,-0.00675443671844509,-0.563677799112011,-0.664376804317052,-0.130705067290073,-0.476636838949897,-0.598938019877622,-0.243353041389586,-0.776934393275646,-0.930683446733098,-0.530611332690265,-1.18651693117511,-0.326772479425185,-1.15913731365879,-0.926264253828518,-1.18651693117511,1.18651693117511,0.176315542903366,0.35378857107022,0.747774518164731,0.78234902441393,0.443865272627977,0.32396572102287,0.465250934173705,0.535939652702217,0.343664333631737,0.193835382300923,0.030891866906978,0.32836503705861,0.165246457265677,0.358780436119194,1.18651693117511,0.630550134819748,0.618311218659841,0.1688942698261,0.641604122971001,0.313736772357938,0.438368490047287,0.0486549457881278,0.304961174554186,0.390617875122776,0.638410520477933,1.18651693117511,0.082021591035916,0.645346016297109,0.507142498255902};
xlist={{0.489863,0.0305051},{0.48461,0.404981},{0.583625,0.330996},{0.351561,0.173119},{0.593817,0.293619},{0.361876,0.694659},{0.471556,0.635381},{0.474222,0.614163},{0.399086,0.394161},{0.465311,0.0658186},{0.462079,0.199973},{0.522062,0.208185},{0.413703,0.281598},{0.520747,0.362571},{0.507978,0.524091},{0.645196,0.177188},{0.410366,0.467568},{0.406318,0.722603},{0.574412,0.0898252},{0.743745,-0.100583},{0.589461,-0.026244},{0.467445,0.715147},{0.380413,0.743099},{0.352328,0.891995},{0.867345,0.721681},{0.985903,0.912891},{0.505072,0.811549},{0.110398,0.68641},{0.441294,0.898744},{0.061663,0.824745},{0.334046,0.764304},{0.76239,0.756617},{0.174428,0.805493},{0.633367,0.735551},{0.16208,0.69465},{0.22488,0.808594},{0.658745,0.767098},{0.416264,0.688228},{0.995828,0.688111},{0.586172,0.931692},{0.182079,0.942206},{-0.189764,0.787702},{0.365395,0.775488},{0.259855,0.919488},{0.922081,0.687121},{0.915827,0.782588},{0.126395,0.944876},{-0.00913352,0.936011},{0.545483,0.673433},{0.778249,0.849624},{-0.160715,0.669173},{0.747616,0.867949}};
