k[x_,y_]:=Exp[-100*Sum[(x[[i]]-y[[i]])^2,{i,1,Length[x]}]];
b=0.247207;
alphay={-0.298123512387018,-0.305305986863289,-0.209107350502158,-0.305305986863289,-0.305305986863289,-0.305305986863289,-0.116731335824318,-0.305305986863289,-0.283106204755398,-0.164854897864051,-0.305305986863289,-0.305305986863289,-0.305305986863289,-0.305305986863289,-0.305305986863289,-0.305305986863289,-0.305305986863289,-0.182600007939714,-0.221830865465096,-0.305305986863289,-0.234107714984534,-0.20590441769063,-0.305305986863289,-0.305305986863289,-0.305305986863289,-0.305305986863289,-0.305305986863289,-0.228656553968331,-0.305305986863289,-0.297425033525069,-0.305305986863289,-0.305305986863289,-0.305305986863289,0.305305986863289,0.2797171440245,0.234717016395829,0.21533312766395,0.305305986863289,0.305305986863289,0.305305986863289,0.0875099352967557,0.305305986863289,0.305305986863289,0.305305986863289,0.305305986863289,0.132035751347157,0.305305986863289,0.305305986863289,0.227828581323528,0.0899194629747652,0.305305986863289,0.305305986863289,0.305305986863289,0.0562725725076602,0.0943720697817366,0.272921922889026,0.0327397454746521,0.305305986863289,0.16639482206045,0.305305986863289,0.305305986863289,0.292849781807915,0.305305986863289,0.305305986863289,0.305305986863289,0.305305986863289,0.259835961358391,0.305305986863289,0.305305986863289};
xlist={{0.489863,0.0305051},{0.581664,-0.0125588},{0.48461,0.404981},{0.583625,0.330996},{0.351561,0.173119},{0.593817,0.293619},{0.556915,0.313055},{0.361876,0.694659},{0.614602,0.165391},{0.446741,0.501701},{0.471556,0.635381},{0.474222,0.614163},{0.399086,0.394161},{0.626504,0.187076},{0.467103,0.0933128},{0.465311,0.0658186},{0.462079,0.199973},{0.522062,0.208185},{0.450873,0.238511},{0.413703,0.281598},{0.544069,-0.00172444},{0.420351,0.43356},{0.520747,0.362571},{0.507978,0.524091},{0.645196,0.177188},{0.410366,0.467568},{0.406318,0.722603},{0.436979,0.31265},{0.471113,0.55486},{0.574412,0.0898252},{0.743745,-0.100583},{0.589461,-0.026244},{0.467445,0.715147},{0.380413,0.743099},{0.352328,0.891995},{0.552395,0.919801},{0.867345,0.721681},{0.985903,0.912891},{0.505072,0.811549},{0.110398,0.68641},{0.659472,0.797246},{0.441294,0.898744},{0.061663,0.824745},{0.334046,0.764304},{0.76239,0.756617},{0.174428,0.805493},{0.633367,0.735551},{0.16208,0.69465},{0.22488,0.808594},{0.658745,0.767098},{0.416264,0.688228},{0.995828,0.688111},{0.586172,0.931692},{0.150842,0.78242},{0.594071,0.804053},{0.182079,0.942206},{0.176725,0.744803},{-0.189764,0.787702},{0.503446,0.814028},{0.365395,0.775488},{0.259855,0.919488},{0.922081,0.687121},{0.915827,0.782588},{0.126395,0.944876},{-0.00913352,0.936011},{0.545483,0.673433},{0.778249,0.849624},{-0.160715,0.669173},{0.747616,0.867949}};
