k[x_,y_]:=Exp[-10*Sum[(x[[i]]-y[[i]])^2,{i,1,Length[x]}]];
b=0.846175;
alphay={-0.226607194394907,-2.73634089980177,-40.1385019274279,-8.71648388960834,-53.2724498462892,-1.45451593505629,-53.2724498462892,53.2724498462892,4.95578094051649,0.686563534104034,53.2724498462892,13.0868204095447,34.543284962124};
xlist={{0.489863,0.0305051},{0.583625,0.330996},{0.361876,0.694659},{0.471556,0.635381},{0.406318,0.722603},{0.743745,-0.100583},{0.467445,0.715147},{0.380413,0.743099},{0.334046,0.764304},{0.16208,0.69465},{0.416264,0.688228},{0.365395,0.775488},{0.545483,0.673433}};
