k[x_,y_]:=Exp[-1*Sum[(x[[i]]-y[[i]])^2,{i,1,Length[x]}]];
b=4.97855;
alphay={-100,-100,-100,-100,100,29.0380192440034,31.5127629317613,39.4492178242353,100,100};
xlist={{0.361876,0.694659},{0.471556,0.635381},{0.406318,0.722603},{0.467445,0.715147},{0.380413,0.743099},{0.334046,0.764304},{0.633367,0.735551},{0.16208,0.69465},{0.416264,0.688228},{0.545483,0.673433}};
