k[x_,y_]:=Exp[-1*Sum[(x[[i]]-y[[i]])^2,{i,1,Length[x]}]];
b=0.955482;
alphay={-1,-1,-1,-1,-1,-1,-1,-1,-0.122203629521558,-1,-1,-1,-1,-1,-1,1,1,1,1,1,1,1,1,1,0.417440526530431,0.704763102991127,1,1,1,1};
xlist={{0.48461,0.404981},{0.361876,0.694659},{0.446741,0.501701},{0.471556,0.635381},{0.474222,0.614163},{0.399086,0.394161},{0.460522,0.386748},{0.420351,0.43356},{0.431417,0.367343},{0.507978,0.524091},{0.410366,0.467568},{0.406318,0.722603},{0.43965,0.431607},{0.471113,0.55486},{0.467445,0.715147},{0.380413,0.743099},{0.867345,0.721681},{0.110398,0.68641},{0.334046,0.764304},{0.633367,0.735551},{0.145372,0.716144},{0.16208,0.69465},{0.658745,0.767098},{0.416264,0.688228},{0.995828,0.688111},{0.322289,0.775395},{0.176725,0.744803},{0.365395,0.775488},{0.922081,0.687121},{0.545483,0.673433}};
