k[x_,y_]:=(0.5*Sum[x[[i]]*y[[i]],{i,1,Length[x]}]+0)^3;
b=0.077722;
alphay={-90.8135616754581,-1231.48253871629,1322.29610039174};
xlist={{0.489863,0.0305051},{0.467445,0.715147},{0.380413,0.743099}};
