k[x_,y_]:=Exp[-100*Sum[(x[[i]]-y[[i]])^2,{i,1,Length[x]}]];
b=0.290871;
alphay={-0.257435344765479,-0.476906918401375,-0.985784902794433,-1.03024359936897,-0.0622488571591134,-28.6882756777896,-21.4461593015072,-0.74007956035122,-0.709186147524987,-0.138804756417379,-0.482307998823496,-0.579754387533982,-0.999526619427022,-0.173150291499696,-111.450172973714,-0.350506545850835,-1.23748111035574,-0.98875735432486,69.1702755291359,0.268989648529151,0.669472148011913,3.11213209301584,0.0324882568727658,0.486542341072316,0.410930674128856,0.00625841887868342,0.842067466047066,85.5241985828162,0.552850076140682,0.309491203323655,0.0105481812585127,0.542403404810296,0.57539380997376,0.072894002786776,0.287145875734773,0.139994882285292,0.584683528705444,6.07138112831451,0.578811164540045,0.547829931226565};
xlist={{0.489863,0.0305051},{0.48461,0.404981},{0.583625,0.330996},{0.351561,0.173119},{0.493029,0.244572},{0.361876,0.694659},{0.471556,0.635381},{0.399086,0.394161},{0.465311,0.0658186},{0.462079,0.199973},{0.522062,0.208185},{0.413703,0.281598},{0.645196,0.177188},{0.410366,0.467568},{0.406318,0.722603},{0.574412,0.0898252},{0.743745,-0.100583},{0.589461,-0.026244},{0.380413,0.743099},{0.867345,0.721681},{0.985903,0.912891},{0.505072,0.811549},{0.110398,0.68641},{0.061663,0.824745},{0.76239,0.756617},{0.704636,0.812891},{0.16208,0.69465},{0.416264,0.688228},{0.995828,0.688111},{0.586172,0.931692},{0.150842,0.78242},{0.182079,0.942206},{-0.189764,0.787702},{0.922081,0.687121},{0.915827,0.782588},{0.126395,0.944876},{-0.00913352,0.936011},{0.545483,0.673433},{-0.160715,0.669173},{0.747616,0.867949}};
