k[x_,y_]:=Exp[-10*Sum[(x[[i]]-y[[i]])^2,{i,1,Length[x]}]];
b=-31.833;
alphay={140.140890268627,775.591786890431,63.890272683171,12134.6698354509,-1033.36080393542,-9918.37283544737,-2162.55914591032};
xlist={{0.361876,0.694659},{0.507978,0.524091},{0.410366,0.467568},{0.406318,0.722603},{0.441151,0.847503},{0.416264,0.688228},{0.365395,0.775488}};
