k[x_,y_]:=Exp[-1*Sum[(x[[i]]-y[[i]])^2,{i,1,Length[x]}]];
b=-45.2521;
alphay={1,1,1,1,1,1,1,1,1,1,1,1,1,0.424622625008811,1,1,1,1,1,1,1,1,1,1,1,1,1,1,1,1,1,1,1,1,1,1,1,1,1,1,1,1,0.575377374991189,1,1,1,1,1,1,1,1,1,1,1,1,1,1,1,1,1,1};
xlist={{0.489863,0.0305051},{0.541731,0.0575199},{0.352328,0.891995},{0.552395,0.919801},{0.293599,0.85546},{0.581664,-0.0125588},{0.867345,0.721681},{0.985903,0.912891},{0.568122,0.118974},{0.110398,0.68641},{0.441294,0.898744},{0.061663,0.824745},{0.76239,0.756617},{0.449297,0.874502},{0.552079,0.17615},{0.602375,0.1593},{0.351561,0.173119},{0.174428,0.805493},{0.704636,0.812891},{0.145372,0.716144},{0.368084,0.878614},{0.16208,0.69465},{0.747883,0.836116},{0.614602,0.165391},{0.5123,0.115041},{0.22488,0.808594},{0.775712,0.821566},{0.995828,0.688111},{0.222217,0.815686},{0.586172,0.931692},{0.150842,0.78242},{0.626504,0.187076},{0.182079,0.942206},{0.755832,0.815934},{0.480183,0.0707475},{0.176725,0.744803},{-0.189764,0.787702},{0.467103,0.0933128},{0.259855,0.919488},{0.465311,0.0658186},{0.513651,0.107265},{0.462079,0.199973},{0.522062,0.208185},{0.574125,0.205709},{0.922081,0.687121},{0.915827,0.782588},{0.544069,-0.00172444},{0.126395,0.944876},{0.54372,0.195477},{0.485547,0.90405},{-0.00913352,0.936011},{0.784908,0.810777},{0.645196,0.177188},{0.778249,0.849624},{0.519659,0.0689437},{0.748788,0.82287},{-0.160715,0.669173},{0.574412,0.0898252},{0.743745,-0.100583},{0.589461,-0.026244},{0.747616,0.867949}};
