k[x_,y_]:=Exp[-0.01*Sum[(x[[i]]-y[[i]])^2,{i,1,Length[x]}]];
b=0.579575;
alphay={-18.2312344284122,-18.2312344284122,-18.2312344284122,-18.2312344284122,-18.2312344284122,-18.2312344284122,-18.2312344284122,-18.2312344284122,-18.2312344284122,-18.2312344284122,-18.2312344284122,-18.2312344284122,-18.2312344284122,-18.2312344284122,-18.2312344284122,-18.2312344284122,-18.2312344284122,-18.2312344284122,-18.2312344284122,-18.2312344284122,-18.2312344284122,-18.2312344284122,-18.2312344284122,-18.2312344284122,-18.2312344284122,-18.2312344284122,-18.2312344284122,-18.2312344284122,-18.2312344284122,-18.2312344284122,18.2312344284122,18.2312344284122,18.2312344284122,18.2312344284122,18.2312344284122,18.2312344284122,18.2312344284122,18.2312344284122,18.2312344284122,18.2312344284122,18.2312344284122,18.2312344284122,18.2312344284122,18.2312344284122,18.2312344284122,18.2312344284122,18.2312344284122,18.2312344284122,18.2312344284122,18.2312344284122,18.2312344284122,18.2312344284122,18.2312344284122,18.2312344284122,18.2312344284122,18.2312344284122,18.2312344284122,18.2312344284122,18.2312344284122,18.2312344284122};
xlist={{0.502138,0.32148},{0.543503,0.273656},{0.45963,0.268943},{0.48461,0.404981},{0.583625,0.330996},{0.528185,0.346787},{0.593817,0.293619},{0.556915,0.313055},{0.361876,0.694659},{0.5038,0.351581},{0.446741,0.501701},{0.471556,0.635381},{0.474222,0.614163},{0.399086,0.394161},{0.460522,0.386748},{0.461761,0.352107},{0.413703,0.281598},{0.420351,0.43356},{0.431417,0.367343},{0.520747,0.362571},{0.482044,0.290525},{0.507978,0.524091},{0.500714,0.286776},{0.47746,0.320118},{0.410366,0.467568},{0.406318,0.722603},{0.436979,0.31265},{0.43965,0.431607},{0.471113,0.55486},{0.467445,0.715147},{0.380413,0.743099},{0.867345,0.721681},{0.505072,0.811549},{0.110398,0.68641},{0.659472,0.797246},{0.328774,0.790798},{0.334046,0.764304},{0.76239,0.756617},{0.704636,0.812891},{0.633367,0.735551},{0.145372,0.716144},{0.334734,0.804516},{0.16208,0.69465},{0.658745,0.767098},{0.416264,0.688228},{0.995828,0.688111},{0.322289,0.775395},{0.150842,0.78242},{0.594071,0.804053},{0.755832,0.815934},{0.176725,0.744803},{-0.189764,0.787702},{0.503446,0.814028},{0.365395,0.775488},{0.283335,0.7906},{0.922081,0.687121},{0.915827,0.782588},{0.784908,0.810777},{0.545483,0.673433},{-0.160715,0.669173}};
