k[x_,y_]:=Sum[x[[i]]*y[[i]],{i,1,Length[x]}];
b=-9.13057;
alphay={-100,-100,-100,-100,-91.6431905706436,-100,100,15.8091890067483,100,75.8340015638953,100,100,100};
xlist={{0.361876,0.694659},{0.471556,0.635381},{0.474222,0.614163},{0.406318,0.722603},{0.471113,0.55486},{0.467445,0.715147},{0.110398,0.68641},{0.16208,0.69465},{0.416264,0.688228},{0.995828,0.688111},{0.922081,0.687121},{0.545483,0.673433},{-0.160715,0.669173}};
