k[x_,y_]:=Exp[-0.01*Sum[(x[[i]]-y[[i]])^2,{i,1,Length[x]}]];
b=-3.20673;
alphay={8327.19493733714,8327.19493733714,8327.19493733714,-8327.19493733714,-8327.19493733714,-8327.19493733714};
xlist={{0.361876,0.694659},{0.406318,0.722603},{0.467445,0.715147},{0.380413,0.743099},{0.365395,0.775488},{0.545483,0.673433}};
