k[x_,y_]:=Exp[-1*Sum[(x[[i]]-y[[i]])^2,{i,1,Length[x]}]];
b=22.4251;
alphay={-5945.73173718827,-36.9262356205036,1196.39814865586,4439.07819617502,347.181627977901};
xlist={{0.406318,0.722603},{0.743745,-0.100583},{0.441151,0.847503},{0.416264,0.688228},{0.176725,0.744803}};
