k[x_,y_]:=(0.5*Sum[x[[i]]*y[[i]],{i,1,Length[x]}]+0)^3;
b=-14.3379;
alphay={-29511.3783567605,-29511.3783567605,-29511.3783567605,29511.3783567605,11265.5640284849,2776.61744550847,29511.3783567605,15469.1968827672};
xlist={{0.361876,0.694659},{0.406318,0.722603},{0.467445,0.715147},{0.380413,0.743099},{0.334046,0.764304},{0.16208,0.69465},{0.416264,0.688228},{0.545483,0.673433}};
