k[x_,y_]:=Exp[-10*Sum[(x[[i]]-y[[i]])^2,{i,1,Length[x]}]];
b=0.289639;
alphay={-0.129727771203981,-0.0104367862192896,-0.430713469723634,-0.430713469723634,-0.430713469723634,-0.430713469723634,-0.430713469723634,-0.430713469723634,-0.2600635302479,-0.0304853820524632,-0.430713469723634,-0.430713469723634,-0.430713469723634,-0.430713469723634,-0.430713469723634,0.430713469723634,0.280788103836056,0.19431542085242,0.430713469723634,0.430713469723634,0.430713469723634,0.430713469723634,0.430713469723634,0.363090470639176,0.274669989717237,0.324370628919185,0.430713469723634,0.0661386553909091,0.430713469723634,0.219480609539554};
xlist={{0.489863,0.0305051},{0.581664,-0.0125588},{0.351561,0.173119},{0.361876,0.694659},{0.446741,0.501701},{0.471556,0.635381},{0.474222,0.614163},{0.507978,0.524091},{0.645196,0.177188},{0.410366,0.467568},{0.406318,0.722603},{0.471113,0.55486},{0.743745,-0.100583},{0.589461,-0.026244},{0.467445,0.715147},{0.380413,0.743099},{0.985903,0.912891},{0.505072,0.811549},{0.334046,0.764304},{0.633367,0.735551},{0.16208,0.69465},{0.658745,0.767098},{0.416264,0.688228},{0.995828,0.688111},{0.322289,0.775395},{-0.189764,0.787702},{0.365395,0.775488},{-0.00913352,0.936011},{0.545483,0.673433},{-0.160715,0.669173}};
