k[x_,y_]:=Exp[-10*Sum[(x[[i]]-y[[i]])^2,{i,1,Length[x]}]];
b=0.305637;
alphay={-0.254039848956721,-0.377726311580177,-10,-7.44037690334873,-0.427264440117531,-10,-0.973482050555174,-10,10,0.352454307584055,7.31845183896828,0.371676652207503,0.00575413423797905,10,0.0762813949438035,0.91921631333704,10,0.42905491327968};
xlist={{0.489863,0.0305051},{0.351561,0.173119},{0.361876,0.694659},{0.471556,0.635381},{0.645196,0.177188},{0.406318,0.722603},{0.743745,-0.100583},{0.467445,0.715147},{0.380413,0.743099},{0.985903,0.912891},{0.334046,0.764304},{0.633367,0.735551},{0.16208,0.69465},{0.416264,0.688228},{-0.189764,0.787702},{0.365395,0.775488},{0.545483,0.673433},{-0.160715,0.669173}};
