k[x_,y_]:=Exp[-1*Sum[(x[[i]]-y[[i]])^2,{i,1,Length[x]}]];
b=-7.26228;
alphay={0.123773518912006,1,1,1,0.53725974322401,1,0.338966737863984,1,1,1,1,1,1,1};
xlist={{0.489863,0.0305051},{0.581664,-0.0125588},{0.985903,0.912891},{0.995828,0.688111},{0.182079,0.942206},{-0.189764,0.787702},{0.922081,0.687121},{0.915827,0.782588},{0.544069,-0.00172444},{0.126395,0.944876},{-0.00913352,0.936011},{-0.160715,0.669173},{0.743745,-0.100583},{0.589461,-0.026244}};
