k[x_,y_]:=Exp[-10*Sum[(x[[i]]-y[[i]])^2,{i,1,Length[x]}]];
b=1.07034;
alphay={-0.34550745080875,-1.6812308636977,-58.9337941379739,-8.44889336326589,-100,-1.67619664578479,-100,100,2.52547324104012,100,16.3623590384363,52.1977901820546};
xlist={{0.489863,0.0305051},{0.583625,0.330996},{0.361876,0.694659},{0.507978,0.524091},{0.406318,0.722603},{0.743745,-0.100583},{0.467445,0.715147},{0.380413,0.743099},{0.505072,0.811549},{0.416264,0.688228},{0.365395,0.775488},{0.545483,0.673433}};
