k[x_,y_]:=Exp[-10*Sum[(x[[i]]-y[[i]])^2,{i,1,Length[x]}]];
b=-1.50927;
alphay={-5.32586693041951,-76.3351004396403,-1011.54110123573,86.1405328501763,862.513394078505,144.54814167711};
xlist={{0.489863,0.0305051},{0.507978,0.524091},{0.406318,0.722603},{0.441151,0.847503},{0.416264,0.688228},{0.365395,0.775488}};
