k[x_,y_]:=(0.5*Sum[x[[i]]*y[[i]],{i,1,Length[x]}]+0)^3;
b=-1.8736;
alphay={-100,-77.83350253654,-100,-100,-100,-100,-100,-100,100,100,100,37.5757841466812,100,100,40.4450068760755,100,99.8127115137832};
xlist={{0.361876,0.694659},{0.446741,0.501701},{0.471556,0.635381},{0.474222,0.614163},{0.507978,0.524091},{0.406318,0.722603},{0.471113,0.55486},{0.467445,0.715147},{0.380413,0.743099},{0.110398,0.68641},{0.633367,0.735551},{0.145372,0.716144},{0.16208,0.69465},{0.416264,0.688228},{0.922081,0.687121},{0.545483,0.673433},{-0.160715,0.669173}};
