k[x_,y_]:=Exp[-100*Sum[(x[[i]]-y[[i]])^2,{i,1,Length[x]}]];
b=-0.537595;
alphay={0.107856001915328,0.209912688108261,0.225888882373547,0.507899842743321,0.208381812564087,0.324715923025981,0.0278481084016352,0.27780968070001,0.320635969584502,0.262631284533894,0.0468140319600764,0.351618617278337,0.425253811143807,0.119223575701313,0.290004204608645,0.0271963733271308,0.19179571640147,0.359193440523596,0.0949292132557785,0.18192746044364,0.425000083926827,0.243995547561285,0.428450429285586,0.0916789101761467,0.149493238879152,0.436063838341547,0.081692015090699,0.246534060488417,0.294507684723553,0.184201729050682,0.0587939809772212,0.211204804845772,0.0417927842359311,0.211881569138975,0.266710733637717,0.247938314351028,0.110161120454351,0.0214994643641575,0.435201086516921,0.331866541132812,0.414273009407174,0.230152772022198,0.0387360620189042,0.247280472877281,0.439082110764293,0.145475751453883,0.515212164336703,0.411547296480794,0.36606873415578,0.11196705070985};
xlist={{0.489863,0.0305051},{0.352328,0.891995},{0.867345,0.721681},{0.985903,0.912891},{0.505072,0.811549},{0.110398,0.68641},{0.659472,0.797246},{0.441294,0.898744},{0.061663,0.824745},{0.76239,0.756617},{0.48461,0.404981},{0.583625,0.330996},{0.351561,0.173119},{0.174428,0.805493},{0.633367,0.735551},{0.593817,0.293619},{0.16208,0.69465},{0.361876,0.694659},{0.22488,0.808594},{0.474222,0.614163},{0.995828,0.688111},{0.399086,0.394161},{0.586172,0.931692},{0.594071,0.804053},{0.182079,0.942206},{-0.189764,0.787702},{0.365395,0.775488},{0.259855,0.919488},{0.465311,0.0658186},{0.283335,0.7906},{0.462079,0.199973},{0.522062,0.208185},{0.922081,0.687121},{0.915827,0.782588},{0.413703,0.281598},{0.126395,0.944876},{0.520747,0.362571},{0.485547,0.90405},{-0.00913352,0.936011},{0.507978,0.524091},{0.645196,0.177188},{0.545483,0.673433},{0.778249,0.849624},{0.410366,0.467568},{-0.160715,0.669173},{0.574412,0.0898252},{0.743745,-0.100583},{0.589461,-0.026244},{0.747616,0.867949},{0.467445,0.715147}};
