k[x_,y_]:=Exp[-0.1*Sum[(x[[i]]-y[[i]])^2,{i,1,Length[x]}]];
b=40.7267;
alphay={-10418.9051092495,-10418.9051092495,-10418.9051092495,10418.9051092495,7329.99438124052,5219.8185885956,7483.77547698849,804.221771674455};
xlist={{0.361876,0.694659},{0.406318,0.722603},{0.467445,0.715147},{0.380413,0.743099},{0.416264,0.688228},{0.365395,0.775488},{0.545483,0.673433},{-0.160715,0.669173}};
