k[x_,y_]:=(0.5*Sum[x[[i]]*y[[i]],{i,1,Length[x]}]+0)^3;
b=-1.14924;
alphay={-1.71802777165311,-1.71802777165311,-1.71802777165311,-0.386765950319524,-1.33126182133359,-1.71802777165311,-1.71802777165311,-1.71802777165311,-1.71802777165311,-1.71802777165311,-1.71802777165311,-1.71802777165311,-1.71802777165311,-1.71802777165311,-1.71802777165311,-1.71802777165311,-1.71802777165311,-1.71802777165311,-1.71802777165311,-1.71802777165311,-1.71802777165311,-1.71802777165311,-1.71802777165311,-1.71802777165311,-1.71802777165311,-1.71802777165311,-1.71802777165311,-1.71802777165311,-1.71802777165311,-1.71802777165311,-1.71802777165311,0.796007683396469,1.71802777165311,1.71802777165311,1.71802777165311,1.71802777165311,1.71802777165311,1.71802777165311,1.71802777165311,1.71802777165311,1.71802777165311,1.71802777165311,1.71802777165311,1.71802777165311,1.71802777165311,1.71802777165311,1.71802777165311,1.71802777165311,1.71802777165311,0.922020088256641,1.71802777165311,1.71802777165311,1.71802777165311,1.71802777165311,1.71802777165311,1.71802777165311,1.71802777165311,1.71802777165311,1.71802777165311,1.71802777165311,1.71802777165311,1.71802777165311};
xlist={{0.502138,0.32148},{0.524819,0.264022},{0.543503,0.273656},{0.45963,0.268943},{0.578284,0.237287},{0.48461,0.404981},{0.583625,0.330996},{0.528185,0.346787},{0.593817,0.293619},{0.556915,0.313055},{0.361876,0.694659},{0.5038,0.351581},{0.446741,0.501701},{0.471556,0.635381},{0.474222,0.614163},{0.399086,0.394161},{0.460522,0.386748},{0.461761,0.352107},{0.420351,0.43356},{0.431417,0.367343},{0.520747,0.362571},{0.482044,0.290525},{0.507978,0.524091},{0.500714,0.286776},{0.47746,0.320118},{0.410366,0.467568},{0.406318,0.722603},{0.436979,0.31265},{0.43965,0.431607},{0.471113,0.55486},{0.467445,0.715147},{0.441151,0.847503},{0.380413,0.743099},{0.293599,0.85546},{0.867345,0.721681},{0.505072,0.811549},{0.110398,0.68641},{0.061663,0.824745},{0.328774,0.790798},{0.334046,0.764304},{0.174428,0.805493},{0.633367,0.735551},{0.145372,0.716144},{0.334734,0.804516},{0.16208,0.69465},{0.329047,0.81841},{0.22488,0.808594},{0.658745,0.767098},{0.416264,0.688228},{0.995828,0.688111},{0.322289,0.775395},{0.222217,0.815686},{0.150842,0.78242},{0.176725,0.744803},{-0.189764,0.787702},{0.503446,0.814028},{0.365395,0.775488},{0.283335,0.7906},{0.922081,0.687121},{-0.00913352,0.936011},{0.545483,0.673433},{-0.160715,0.669173}};
