k[x_,y_]:=Exp[-1*Sum[(x[[i]]-y[[i]])^2,{i,1,Length[x]}]];
b=16.166;
alphay={-3938.94256441309,787.700652978023,3151.24191143507};
xlist={{0.406318,0.722603},{0.441151,0.847503},{0.416264,0.688228}};
