k[x_,y_]:=Sum[x[[i]]*y[[i]],{i,1,Length[x]}];
b=-39.3053;
alphay={-8731.80964326458,1756.41943914098,6975.3902041236};
xlist={{0.406318,0.722603},{0.441151,0.847503},{0.416264,0.688228}};
