k[x_,y_]:=Exp[-0.1*Sum[(x[[i]]-y[[i]])^2,{i,1,Length[x]}]];
b=0;
alphay={-595.274481975576,595.274481975576};
xlist={{0.406318,0.722603},{0.441151,0.847503}};
