k[x_,y_]:=Sum[x[[i]]*y[[i]],{i,1,Length[x]}];
b=-72.6329;
alphay={-792080.323361914,159328.402032571,613234.11269716,19517.808632183};
xlist={{0.406318,0.722603},{0.441151,0.847503},{0.416264,0.688228},{-0.189764,0.787702}};
