k[x_,y_]:=Exp[-100*Sum[(x[[i]]-y[[i]])^2,{i,1,Length[x]}]];
b=0.20682;
alphay={-0.237739628323308,-0.240266447825145,-0.849959965896191,-0.959896132224885,-0.0385392437108602,-0.0200715520123842,-8.74013988491522,-3.56180416607422,-0.541287858544033,-0.662588935447896,-0.125879228146087,-0.461603720093779,-0.59612389554054,-0.133854728961559,-0.520071623767384,-0.936370217241858,-0.512658921295154,-13.0747798663961,-0.327027963154729,-1.1605716940717,-0.926684151638703,-4.5964197739065,12.8179212661903,0.292743331857354,0.749668279945813,1.52053198018176,0.293717774958975,0.181319365973304,0.0427348895901601,0.447761044505249,0.430914515946818,0.282270736583454,0.526205649581365,0.0211376890025869,13.0747798663961,0.606625651094506,0.564553149718159,0.104644483589656,0.0211123611987493,0.644872299749549,0.535474989330271,0.0900602928015857,0.331997126258817,0.423816547162117,0.637728477785231,3.36363854535674,0.0119277190635895,0.643237259360047,0.562944306005947};
xlist={{0.489863,0.0305051},{0.48461,0.404981},{0.583625,0.330996},{0.351561,0.173119},{0.593817,0.293619},{0.493029,0.244572},{0.361876,0.694659},{0.471556,0.635381},{0.399086,0.394161},{0.465311,0.0658186},{0.462079,0.199973},{0.522062,0.208185},{0.413703,0.281598},{0.520747,0.362571},{0.507978,0.524091},{0.645196,0.177188},{0.410366,0.467568},{0.406318,0.722603},{0.574412,0.0898252},{0.743745,-0.100583},{0.589461,-0.026244},{0.467445,0.715147},{0.380413,0.743099},{0.867345,0.721681},{0.985903,0.912891},{0.505072,0.811549},{0.110398,0.68641},{0.659472,0.797246},{0.441294,0.898744},{0.061663,0.824745},{0.76239,0.756617},{0.174428,0.805493},{0.16208,0.69465},{0.22488,0.808594},{0.416264,0.688228},{0.995828,0.688111},{0.586172,0.931692},{0.182079,0.942206},{0.176725,0.744803},{-0.189764,0.787702},{0.259855,0.919488},{0.922081,0.687121},{0.915827,0.782588},{0.126395,0.944876},{-0.00913352,0.936011},{0.545483,0.673433},{0.778249,0.849624},{-0.160715,0.669173},{0.747616,0.867949}};
