k[x_,y_]:=Exp[-0.1*Sum[(x[[i]]-y[[i]])^2,{i,1,Length[x]}]];
b=19.1875;
alphay={-1000,-1000,-622.408345701292,-1000,-1000,89.945469315551,351.056771488098,1000,1000,1000,181.406104897643,1000};
xlist={{0.361876,0.694659},{0.471556,0.635381},{0.474222,0.614163},{0.406318,0.722603},{0.467445,0.715147},{0.380413,0.743099},{0.110398,0.68641},{0.633367,0.735551},{0.16208,0.69465},{0.416264,0.688228},{0.922081,0.687121},{0.545483,0.673433}};
