k[x_,y_]:=Exp[-0.01*Sum[(x[[i]]-y[[i]])^2,{i,1,Length[x]}]];
b=11.7174;
alphay={-1000,-575.040736840651,-1000,-1000,-1000,-1000,-1000,-1000,466.823294778593,1000,108.217442062058,1000,1000,1000,1000,1000,1000};
xlist={{0.361876,0.694659},{0.446741,0.501701},{0.471556,0.635381},{0.474222,0.614163},{0.507978,0.524091},{0.406318,0.722603},{0.471113,0.55486},{0.467445,0.715147},{0.867345,0.721681},{0.110398,0.68641},{0.145372,0.716144},{0.16208,0.69465},{0.416264,0.688228},{0.995828,0.688111},{0.922081,0.687121},{0.545483,0.673433},{-0.160715,0.669173}};
