k[x_,y_]:=Exp[-1*Sum[(x[[i]]-y[[i]])^2,{i,1,Length[x]}]];
b=13.4521;
alphay={-1000,-168.190005473082,-1000,-15.2669166786052,-1000,1000,256.024101836183,161.757428369217,1000,765.675391946287};
xlist={{0.361876,0.694659},{0.471556,0.635381},{0.406318,0.722603},{0.743745,-0.100583},{0.467445,0.715147},{0.380413,0.743099},{0.334046,0.764304},{0.16208,0.69465},{0.416264,0.688228},{0.545483,0.673433}};
