k[x_,y_]:=Exp[-100*Sum[(x[[i]]-y[[i]])^2,{i,1,Length[x]}]];
b=0.219461;
alphay={-0.238106090178293,-0.116628349885814,-0.805580932318467,-0.964790510955973,-0.0575864279395932,-1,-1,-0.1653504401941,-0.563812085892284,-0.674060520177351,-0.131954753951646,-0.481316388494825,-0.60402267305262,-0.239025905447077,-0.751297098989124,-0.939362055204397,-0.538244017981799,-1,-0.327711073232566,-1,-0.944618692563709,-1,1,0.183652632877727,0.335921108443255,0.737851462295372,0.723315609095342,0.440594666166859,0.111646334838515,0.331860893628021,0.460993610804566,0.509646237803073,0.360943048385079,0.18021349460287,0.201428204804142,0.321390777829719,0.179652163016516,0.119736570825763,1,0.61832142064775,0.610965089792963,0.165925579036102,0.633718281059116,0.297556743625617,0.428836087686797,0.0571505413330454,0.304220384660622,0.386691621639428,0.629047365825393,1,0.0780676004500785,0.636981194089406,0.497139291196501};
xlist={{0.489863,0.0305051},{0.48461,0.404981},{0.583625,0.330996},{0.351561,0.173119},{0.593817,0.293619},{0.361876,0.694659},{0.471556,0.635381},{0.474222,0.614163},{0.399086,0.394161},{0.465311,0.0658186},{0.462079,0.199973},{0.522062,0.208185},{0.413703,0.281598},{0.520747,0.362571},{0.507978,0.524091},{0.645196,0.177188},{0.410366,0.467568},{0.406318,0.722603},{0.574412,0.0898252},{0.743745,-0.100583},{0.589461,-0.026244},{0.467445,0.715147},{0.380413,0.743099},{0.352328,0.891995},{0.867345,0.721681},{0.985903,0.912891},{0.505072,0.811549},{0.110398,0.68641},{0.659472,0.797246},{0.441294,0.898744},{0.061663,0.824745},{0.334046,0.764304},{0.76239,0.756617},{0.174428,0.805493},{0.633367,0.735551},{0.16208,0.69465},{0.22488,0.808594},{0.658745,0.767098},{0.416264,0.688228},{0.995828,0.688111},{0.586172,0.931692},{0.182079,0.942206},{-0.189764,0.787702},{0.365395,0.775488},{0.259855,0.919488},{0.922081,0.687121},{0.915827,0.782588},{0.126395,0.944876},{-0.00913352,0.936011},{0.545483,0.673433},{0.778249,0.849624},{-0.160715,0.669173},{0.747616,0.867949}};
