k[x_,y_]:=Exp[-100*Sum[(x[[i]]-y[[i]])^2,{i,1,Length[x]}]];
b=0.114817;
alphay={-20.0069396098963,-15.1233622427155,-60.4953262307252,-6.37931653538768,1.88606919506854,35.361564274489,57.7351627198738,0.368568624428307,6.65357980486505};
xlist={{0.361876,0.694659},{0.471556,0.635381},{0.406318,0.722603},{0.467445,0.715147},{0.441151,0.847503},{0.380413,0.743099},{0.416264,0.688228},{0.365395,0.775488},{0.545483,0.673433}};
