k[x_,y_]:=Sum[x[[i]]*y[[i]],{i,1,Length[x]}];
b=-36.5068;
alphay={-14657.0773160254,-14657.0773160254,-14657.0773160254,14657.0773160254,9309.52606757245,5347.55124845295,12830.9816689879,1826.09564703751};
xlist={{0.361876,0.694659},{0.406318,0.722603},{0.467445,0.715147},{0.380413,0.743099},{0.416264,0.688228},{0.365395,0.775488},{0.545483,0.673433},{-0.160715,0.669173}};
