k[x_,y_]:=Sum[x[[i]]*y[[i]],{i,1,Length[x]}];
b=-4.66017;
alphay={-10,-10,-10,-10,-10,-9.91405374752135,-10,-10,-10,10,10,9.91405374752135,10,10,10,10,10,10};
xlist={{0.361876,0.694659},{0.446741,0.501701},{0.471556,0.635381},{0.474222,0.614163},{0.507978,0.524091},{0.410366,0.467568},{0.406318,0.722603},{0.471113,0.55486},{0.467445,0.715147},{0.867345,0.721681},{0.110398,0.68641},{0.145372,0.716144},{0.16208,0.69465},{0.416264,0.688228},{0.995828,0.688111},{0.922081,0.687121},{0.545483,0.673433},{-0.160715,0.669173}};
