k[x_,y_]:=Exp[-0.1*Sum[(x[[i]]-y[[i]])^2,{i,1,Length[x]}]];
b=6.05077;
alphay={-100,-6.26916366387966,-100,-100,-100,-100,-100,-100,100,100,77.4913609063375,100,100,28.7778027575421,100,100};
xlist={{0.361876,0.694659},{0.446741,0.501701},{0.471556,0.635381},{0.474222,0.614163},{0.507978,0.524091},{0.406318,0.722603},{0.471113,0.55486},{0.467445,0.715147},{0.110398,0.68641},{0.633367,0.735551},{0.145372,0.716144},{0.16208,0.69465},{0.416264,0.688228},{0.995828,0.688111},{0.922081,0.687121},{0.545483,0.673433}};
