k[x_,y_]:=(0.5*Sum[x[[i]]*y[[i]],{i,1,Length[x]}]+0)^3;
b=-1.42885;
alphay={-18.8583030325937,-18.8583030325937,-18.8583030325937,-18.8583030325937,-18.8583030325937,-18.8583030325937,-18.8583030325937,-18.8583030325937,-18.8583030325937,-18.8583030325937,-18.8583030325937,-18.8583030325937,18.8583030325937,18.8583030325937,18.8583030325937,18.8583030325937,18.8583030325937,18.8583030325937,18.8583030325937,0.670528701501164,6.8818208705567,18.8583030325937,13.7405163796116,16.423740113518,18.8583030325937,18.8583030325937};
xlist={{0.48461,0.404981},{0.361876,0.694659},{0.446741,0.501701},{0.471556,0.635381},{0.474222,0.614163},{0.420351,0.43356},{0.507978,0.524091},{0.410366,0.467568},{0.406318,0.722603},{0.43965,0.431607},{0.471113,0.55486},{0.467445,0.715147},{0.380413,0.743099},{0.110398,0.68641},{0.334046,0.764304},{0.633367,0.735551},{0.145372,0.716144},{0.16208,0.69465},{0.416264,0.688228},{0.322289,0.775395},{0.150842,0.78242},{0.176725,0.744803},{-0.189764,0.787702},{0.922081,0.687121},{0.545483,0.673433},{-0.160715,0.669173}};
