k[x_,y_]:=Exp[-1*Sum[(x[[i]]-y[[i]])^2,{i,1,Length[x]}]];
b=1.93545;
alphay={-10,-10,-10,-3.09639604461939,-10,-10,-10,10,3.67673786501578,1.21604954460367,10,10,8.20360863499994,10,10};
xlist={{0.361876,0.694659},{0.471556,0.635381},{0.474222,0.614163},{0.507978,0.524091},{0.406318,0.722603},{0.471113,0.55486},{0.467445,0.715147},{0.380413,0.743099},{0.110398,0.68641},{0.334046,0.764304},{0.633367,0.735551},{0.16208,0.69465},{0.658745,0.767098},{0.416264,0.688228},{0.545483,0.673433}};
