k[x_,y_]:=Exp[-100*Sum[(x[[i]]-y[[i]])^2,{i,1,Length[x]}]];
b=0.276629;
alphay={-0.256205377257228,-0.472736908396547,-0.97349139448673,-1.01745865541435,-0.0025378599997059,-0.0567514236431649,-26.6530365700716,-19.7699349655504,-0.708999367644299,-0.699651911281816,-0.137860959308698,-0.478815275881275,-0.580220334824309,-0.988369635768618,-0.210166665648072,-100,-0.3464320401109,-1.22392199466607,-0.977405513478042,-0.319718791094916,62.3735844733994,0.274686655017283,0.682751568686856,2.84816748502277,0.0541528966019771,0.489112275731299,0.415223567936262,0.0391330885409613,0.0235086680743853,0.826487689966641,77.7571688705677,0.563730139589271,0.354404039780109,0.519223190319945,0.586640720960126,0.0363691864341697,0.0747349564144951,0.292861239327452,0.159598453937068,0.595892568090159,5.767515846234,0.590953753824619,0.547814310069756};
xlist={{0.489863,0.0305051},{0.48461,0.404981},{0.583625,0.330996},{0.351561,0.173119},{0.593817,0.293619},{0.493029,0.244572},{0.361876,0.694659},{0.471556,0.635381},{0.399086,0.394161},{0.465311,0.0658186},{0.462079,0.199973},{0.522062,0.208185},{0.413703,0.281598},{0.645196,0.177188},{0.410366,0.467568},{0.406318,0.722603},{0.574412,0.0898252},{0.743745,-0.100583},{0.589461,-0.026244},{0.467445,0.715147},{0.380413,0.743099},{0.867345,0.721681},{0.985903,0.912891},{0.505072,0.811549},{0.110398,0.68641},{0.061663,0.824745},{0.76239,0.756617},{0.174428,0.805493},{0.704636,0.812891},{0.16208,0.69465},{0.416264,0.688228},{0.995828,0.688111},{0.586172,0.931692},{0.182079,0.942206},{-0.189764,0.787702},{0.259855,0.919488},{0.922081,0.687121},{0.915827,0.782588},{0.126395,0.944876},{-0.00913352,0.936011},{0.545483,0.673433},{-0.160715,0.669173},{0.747616,0.867949}};
