k[x_,y_]:=Exp[-1*Sum[(x[[i]]-y[[i]])^2,{i,1,Length[x]}]];
b=16.2004;
alphay={-1677.54331621623,-1693.23662161275,-15.6933053965192,-1693.23662161275,1693.23662161275,618.625816617468,114.517115180322,1693.23662161275,960.093689814963};
xlist={{0.361876,0.694659},{0.406318,0.722603},{0.743745,-0.100583},{0.467445,0.715147},{0.380413,0.743099},{0.334046,0.764304},{0.16208,0.69465},{0.416264,0.688228},{0.545483,0.673433}};
