k[x_,y_]:=Exp[-10*Sum[(x[[i]]-y[[i]])^2,{i,1,Length[x]}]];
b=0.25636;
alphay={-0.0872943958326663,-0.0872943958326663,-0.0872943958326663,-0.0872943958326663,-0.0872943958326663,-0.0872943958326663,-0.0558205284283336,-0.0872943958326663,-0.0872943958326663,-0.0872943958326663,-0.0872943958326663,-0.0872943958326663,-0.0872943958326663,-0.0872943958326663,-0.0872943958326663,-0.0164287046307799,-0.0872943958326663,-0.0872943958326663,-0.0872943958326663,-0.0872943958326663,-0.0872943958326663,-0.0872943958326663,-0.0872943958326663,-0.0872943958326663,-0.0872943958326663,-0.0872943958326663,-0.0872943958326663,-0.0872943958326663,-0.0150451627735527,-0.0872943958326663,-0.0872943958326663,-0.0872943958326663,0.0872943958326663,0.0872943958326663,0.0872943958326663,0.0872943958326663,0.0872943958326663,0.0872943958326663,0.0265379697100049,0.0872943958326663,0.0872943958326663,0.0872943958326663,0.0872943958326663,0.0872943958326663,0.0590499816860287,0.0872943958326663,0.0872943958326663,0.0872943958326663,0.0872943958326663,0.0872943958326663,0.0872943958326663,0.0872943958326663,0.0756894680877422,0.0872943958326663,0.0872943958326663,0.0872943958326663,0.0872943958326663,0.0872943958326663,0.0872943958326663,0.0872943958326663,0.0872943958326663,0.0133113721815567,0.0872943958326663,0.0872943958326663};
xlist={{0.489863,0.0305051},{0.541731,0.0575199},{0.581664,-0.0125588},{0.48461,0.404981},{0.583625,0.330996},{0.351561,0.173119},{0.593817,0.293619},{0.361876,0.694659},{0.446741,0.501701},{0.471556,0.635381},{0.474222,0.614163},{0.399086,0.394161},{0.626504,0.187076},{0.460522,0.386748},{0.480183,0.0707475},{0.467103,0.0933128},{0.465311,0.0658186},{0.544069,-0.00172444},{0.420351,0.43356},{0.431417,0.367343},{0.520747,0.362571},{0.507978,0.524091},{0.645196,0.177188},{0.410366,0.467568},{0.406318,0.722603},{0.519659,0.0689437},{0.43965,0.431607},{0.471113,0.55486},{0.574412,0.0898252},{0.743745,-0.100583},{0.589461,-0.026244},{0.467445,0.715147},{0.380413,0.743099},{0.867345,0.721681},{0.985903,0.912891},{0.505072,0.811549},{0.110398,0.68641},{0.659472,0.797246},{0.061663,0.824745},{0.328774,0.790798},{0.334046,0.764304},{0.76239,0.756617},{0.633367,0.735551},{0.145372,0.716144},{0.334734,0.804516},{0.16208,0.69465},{0.658745,0.767098},{0.416264,0.688228},{0.995828,0.688111},{0.322289,0.775395},{0.586172,0.931692},{0.594071,0.804053},{0.182079,0.942206},{0.176725,0.744803},{-0.189764,0.787702},{0.503446,0.814028},{0.365395,0.775488},{0.922081,0.687121},{0.915827,0.782588},{0.126395,0.944876},{-0.00913352,0.936011},{0.784908,0.810777},{0.545483,0.673433},{-0.160715,0.669173}};
