k[x_,y_]:=Exp[-0.1*Sum[(x[[i]]-y[[i]])^2,{i,1,Length[x]}]];
b=2.39709;
alphay={-16.1280942273712,-16.1280942273712,-16.1280942273712,-16.1280942273712,-16.1280942273712,-16.1280942273712,-16.1280942273712,-16.1280942273712,-16.1280942273712,-16.1280942273712,-16.1280942273712,-16.1280942273712,16.1280942273712,16.1280942273712,16.1280942273712,3.49211728320066,16.1280942273712,16.1280942273712,16.1280942273712,16.1280942273712,16.1280942273712,12.6359769441705,16.1280942273712,16.1280942273712,16.1280942273712};
xlist={{0.48461,0.404981},{0.361876,0.694659},{0.446741,0.501701},{0.471556,0.635381},{0.474222,0.614163},{0.420351,0.43356},{0.507978,0.524091},{0.410366,0.467568},{0.406318,0.722603},{0.43965,0.431607},{0.471113,0.55486},{0.467445,0.715147},{0.380413,0.743099},{0.867345,0.721681},{0.110398,0.68641},{0.76239,0.756617},{0.633367,0.735551},{0.145372,0.716144},{0.16208,0.69465},{0.416264,0.688228},{0.995828,0.688111},{0.176725,0.744803},{0.922081,0.687121},{0.545483,0.673433},{-0.160715,0.669173}};
