k[x_,y_]:=Exp[-0.1*Sum[(x[[i]]-y[[i]])^2,{i,1,Length[x]}]];
b=18.0208;
alphay={-43227.6489002837,8690.4013979672,34537.2475023165};
xlist={{0.406318,0.722603},{0.441151,0.847503},{0.416264,0.688228}};
