k[x_,y_]:=(0.5*Sum[x[[i]]*y[[i]],{i,1,Length[x]}]+0)^3;
b=-1.72819;
alphay={100,100,100,100,14.870764864231,100,100,100,100,100,100,100,100,100,100,100,100,100,100,100,-100,-100,-100,-14.870764864231,-100,-100,-100,-100,-100,-100,-100,-100,-100,-100,-100,-100,-100,-100,-100,-100};
xlist={{0.525915,0.14007},{0.335657,0.684751},{0.0758233,0.6928},{0.672776,0.0440289},{0.386467,0.880551},{0.662618,0.149151},{0.408354,0.740695},{0.43511,0.674663},{0.349768,0.640682},{0.279143,0.915875},{0.557603,0.113056},{0.623052,-0.030142},{0.409476,0.32463},{0.260724,0.677348},{0.688557,-0.083797},{0.572752,0.518822},{0.605664,0.45062},{0.613526,-0.0568415},{0.568974,0.44456},{0.286071,0.924469},{0.764904,0.160035},{0.651305,0.0858687},{0.159249,1.05124},{0.442034,0.227804},{0.291704,0.497202},{0.497285,0.417946},{0.516824,0.435696},{0.514284,-0.00197367},{0.536825,0.324838},{0.208735,0.903645},{0.587622,0.513772},{0.38608,0.383324},{0.289282,0.618659},{0.303944,0.551695},{0.613725,0.177919},{0.375895,0.623272},{0.55989,0.219357},{0.275484,0.611903},{0.220914,0.763926},{0.308809,0.613917}};
