k[x_,y_]:=Exp[-100*Sum[(x[[i]]-y[[i]])^2,{i,1,Length[x]}]];
b=0.0176368;
alphay={0.911291803139661,0.993248191866352,0.813729115995762,0.86946366861954,3.5677459864008,3.69632495239735,118.46066853141,16.1296650845694,0.934681371101411,1.00217986981373,0.891066118583852,26.1946820843593,1.33170842143035,0.581291979203138,2.2745554851759,22.4363444683622,0.918454778059964,2.36947743744723,9.62085041195998,0.758033140563063,1.17493920457108,5.56679148385465,2.23451618059387,0.491384146982017,0.711702004370513,0.999310734391592,11.9620325684047,46.0505209498463,7.36598123415836,1.40549358409068,-0.43023631144265,-17.1738111238947,-27.6430367185556,-0.993965817870623,-2.35881744626177,-1.78669096591578,-74.4872247847632,-5.12424077219867,-2.37679754172727,-1.20103687360853,-48.0956367373987,-0.609055196438331,-2.59856290159579,-0.595741639286713,-6.57505411587125,-50.6795472731076,-0.527802548396439,-4.12487467737142,-7.87996899520339,-1.07036806968165,-15.1246298644413,-1.01378279927693,-19.6228209256416,-0.624430891772625};
xlist={{1.08883,1.01915},{0.78708,1.00321},{0.681286,0.831526},{1.05778,0.561713},{0.76639,0.259949},{0.697481,0.514252},{0.0758233,0.6928},{0.672776,0.0440289},{0.931216,0.473004},{0.643949,0.956236},{0.45031,0.99531},{0.662618,0.149151},{1.08588,0.00347531},{0.798443,0.633239},{0.43511,0.674663},{0.349768,0.640682},{0.919269,0.816831},{0.279143,0.915875},{0.557603,0.113056},{0.45775,0.852791},{0.62605,0.641837},{0.409476,0.32463},{0.260724,0.677348},{0.955933,0.615135},{0.939619,0.339713},{0.312414,1.07403},{0.806687,0.135085},{0.572752,0.518822},{0.605664,0.45062},{0.568974,0.44456},{0.0848653,-0.00853323},{0.764904,0.160035},{0.651305,0.0858687},{0.159249,1.05124},{0.442034,0.227804},{0.321754,0.247614},{0.0557913,0.693783},{0.516824,0.435696},{0.514284,-0.00197367},{-0.110507,0.930729},{0.102892,0.705553},{0.0443197,0.405143},{0.208735,0.903645},{0.151786,0.351815},{0.108564,0.597168},{0.587622,0.513772},{0.100114,-0.0917218},{0.38608,0.383324},{0.289282,0.618659},{-0.0913975,0.0988509},{0.613725,0.177919},{0.121374,0.122624},{0.375895,0.623272},{-0.0420854,0.241917}};
