k[x_,y_]:=Sum[x[[i]]*y[[i]],{i,1,Length[x]}];
b=-22.7544;
alphay={107803.499176131,107803.499176131,102081.80212104,78832.0658288842,107803.499176131,107803.499176131,107803.499176131,107803.499176131,107803.499176131,107803.499176131,107803.499176131,25609.6451707194,5721.69705509097,107803.499176131,3361.7881765276,-107803.499176131,-107803.499176131,-107803.499176131,-13589.5674111636,-107803.499176131,-94213.9317649676,-107803.499176131,-107803.499176131,-107803.499176131,-107803.499176131,-107803.499176131,-107803.499176131,-107803.499176131};
xlist={{0.525915,0.14007},{0.335657,0.684751},{0.709455,0.36865},{0.681286,0.831526},{0.677085,0.656024},{0.0758233,0.6928},{0.349768,0.640682},{0.279143,0.915875},{0.557603,0.113056},{0.409476,0.32463},{0.260724,0.677348},{0.312414,1.07403},{0.688557,-0.083797},{0.613526,-0.0568415},{0.286071,0.924469},{0.764904,0.160035},{0.651305,0.0858687},{0.159249,1.05124},{0.442034,0.227804},{0.497285,0.417946},{0.516824,0.435696},{0.536825,0.324838},{0.208735,0.903645},{0.587622,0.513772},{0.303944,0.551695},{0.375895,0.623272},{0.55989,0.219357},{0.220914,0.763926}};
