k[x_,y_]:=Exp[-1*Sum[(x[[i]]-y[[i]])^2,{i,1,Length[x]}]];
b=0.873503;
alphay={0.01,0.01,0.01,0.01,0.01,0.01,0.01,0.01,0.01,0.01,0.01,0.01,0.01,0.01,0.01,0.01,0.01,0.01,0.01,0.01,0.01,0.01,0.01,0.01,0.01,0.01,0.01,0.01,0.01,0.01,0.01,0.01,0.01,0.01,0.01,0.01,0.01,0.01,0.01,0.01,0.01,0.01,0.01,0.01,0.01,0.01,0.01,0.01,0.01,0.01,0.01,0.01,0.01,0.01,0.01,0.01,0.01,-0.01,-0.01,-0.01,-0.01,-0.01,-0.01,-0.01,-0.01,-0.01,-0.01,-0.01,-0.01,-0.01,-0.01,-0.01,-0.01,-0.01,-0.01,-0.01,-0.01,-0.01,-0.01,-0.01,-0.01,-0.01,-0.01,-0.01,-0.01,-0.01,-0.01,-0.01,-0.01,-0.01,-0.01,-0.01,-0.01,-0.01,-0.01,-0.01,-0.01,-0.01,-0.01,-0.01,-0.01,-0.01,-0.01,-0.01,-0.01,-0.01,-0.01,-0.01,-0.01,-0.01,-0.01,-0.01,-0.01,-0.01};
xlist={{0.525915,0.14007},{0.335657,0.684751},{0.709455,0.36865},{0.78708,1.00321},{0.681286,0.831526},{0.677085,0.656024},{0.76639,0.259949},{0.716276,0.524459},{0.658329,0.89868},{0.809733,0.880612},{0.697481,0.514252},{0.0758233,0.6928},{0.672776,0.0440289},{0.548464,0.877153},{0.683415,0.438551},{0.599463,0.841292},{0.931216,0.473004},{0.386467,0.880551},{0.432132,0.837625},{0.643949,0.956236},{0.45031,0.99531},{0.662618,0.149151},{1.08588,0.00347531},{0.80428,0.58847},{0.719687,0.580146},{0.408354,0.740695},{0.798443,0.633239},{0.43511,0.674663},{0.349768,0.640682},{0.279143,0.915875},{0.447129,0.845902},{0.557603,0.113056},{0.830451,0.460743},{0.623052,-0.030142},{0.45775,0.852791},{0.401203,0.859367},{0.530819,0.965572},{1.09611,0.109935},{0.62605,0.641837},{0.409476,0.32463},{0.260724,0.677348},{0.939619,0.339713},{0.863492,0.237233},{0.312414,1.07403},{0.736378,0.464168},{0.885389,0.0359631},{0.953689,0.223568},{0.920264,0.249822},{0.499596,0.712846},{0.688557,-0.083797},{0.833157,0.277062},{0.806687,0.135085},{0.572752,0.518822},{0.605664,0.45062},{0.613526,-0.0568415},{0.568974,0.44456},{0.286071,0.924469},{0.0848653,-0.00853323},{0.764904,0.160035},{0.651305,0.0858687},{0.159249,1.05124},{-0.00601104,0.832049},{0.442034,0.227804},{0.321754,0.247614},{0.0557913,0.693783},{0.168483,0.449866},{0.109356,0.203229},{0.206942,0.477461},{0.291704,0.497202},{0.0245959,0.678565},{0.497285,0.417946},{0.516824,0.435696},{0.514284,-0.00197367},{0.252393,0.268846},{0.536825,0.324838},{0.309902,0.323016},{0.0506605,0.374932},{0.328273,0.370742},{-0.110507,0.930729},{0.102892,0.705553},{0.0443197,0.405143},{0.0451912,0.503292},{0.240353,0.467545},{0.144638,0.283194},{0.212556,0.219576},{0.235859,0.329784},{0.208735,0.903645},{0.151786,0.351815},{0.119328,0.764488},{0.108564,0.597168},{0.19663,0.508351},{0.587622,0.513772},{0.100114,-0.0917218},{0.147947,0.514568},{0.38608,0.383324},{0.334011,0.160909},{0.289282,0.618659},{0.303944,0.551695},{0.128658,0.0221405},{-0.0913975,0.0988509},{0.41617,0.16888},{0.221246,0.444439},{0.613725,0.177919},{0.121374,0.122624},{0.375895,0.623272},{0.24209,0.297752},{0.55989,0.219357},{0.275484,0.611903},{0.186605,0.518318},{0.220914,0.763926},{0.185522,0.348112},{0.18171,0.680757},{0.308809,0.613917},{-0.0420854,0.241917}};
