k[x_,y_]:=Exp[-100*Sum[(x[[i]]-y[[i]])^2,{i,1,Length[x]}]];
b=0.101795;
alphay={0.896730456364859,0.722099641040396,0.541229780522108,0.724936074591733,0.139482125633925,3.10032378347372,0.546649534800784,6.13403947790949,101.22976311905,13.7950423781705,0.170701585033201,0.662024967949363,0.257064144179078,0.634903453190072,0.536193450290312,0.556347906982487,23.2350561909538,0.680110095210011,0.335667465902798,1.67180124690017,18.2969467750567,2.21518122724818,8.43789299798334,0.48975149884035,0.240527391219594,0.648836871893602,1.17473464670079,4.81885214184965,2.64125211200668,0.545245391244881,0.633721577099387,0.844751218729082,0.379686114053181,10.0850214924788,0.509656287939391,79.8403092572095,14.2993093686744,0.189613921203872,0.827832187570371,-0.235083425650572,-14.7615309109686,-24.0963607498771,-1.0674406090643,-2.16601817570605,-0.627028031156467,-63.8340658607496,-0.416132298960521,-8.40172670399587,-2.30138987487784,-0.296732998706298,-1.13970857600462,-0.145017817688686,-1.11775394678531,-41.6221055430521,-0.713230487355777,-0.242871903584222,-0.310081349618229,-2.22368181713715,-0.393825256575359,-5.58730801722913,-88.0224734082912,-0.83804731242521,-2.6618475003896,-0.285463596775006,-7.19589280558859,-0.466734300909827,-0.990749528798908,-0.271993534753814,-0.385493459426857,-13.4427328657751,-0.561582151729242,-15.9286818035528,-0.0264421406412325,-0.912060593349352};
xlist={{1.08883,1.01915},{0.78708,1.00321},{0.681286,0.831526},{1.05778,0.561713},{0.677085,0.656024},{0.76639,0.259949},{0.809733,0.880612},{0.697481,0.514252},{0.0758233,0.6928},{0.672776,0.0440289},{0.548464,0.877153},{0.979303,0.845029},{0.599463,0.841292},{0.931216,0.473004},{0.643949,0.956236},{0.45031,0.99531},{0.662618,0.149151},{1.08588,0.00347531},{0.798443,0.633239},{0.43511,0.674663},{0.349768,0.640682},{0.279143,0.915875},{0.557603,0.113056},{0.45775,0.852791},{0.530819,0.965572},{1.09611,0.109935},{0.62605,0.641837},{0.409476,0.32463},{0.260724,0.677348},{0.955933,0.615135},{0.939619,0.339713},{0.312414,1.07403},{0.953689,0.223568},{0.806687,0.135085},{0.926007,0.757767},{0.572752,0.518822},{0.605664,0.45062},{0.613526,-0.0568415},{0.568974,0.44456},{0.0848653,-0.00853323},{0.764904,0.160035},{0.651305,0.0858687},{0.159249,1.05124},{0.442034,0.227804},{0.321754,0.247614},{0.0557913,0.693783},{0.109356,0.203229},{0.516824,0.435696},{0.514284,-0.00197367},{0.536825,0.324838},{0.309902,0.323016},{0.0506605,0.374932},{-0.110507,0.930729},{0.102892,0.705553},{0.0443197,0.405143},{0.144638,0.283194},{0.212556,0.219576},{0.208735,0.903645},{0.151786,0.351815},{0.108564,0.597168},{0.587622,0.513772},{0.100114,-0.0917218},{0.38608,0.383324},{0.334011,0.160909},{0.289282,0.618659},{0.128658,0.0221405},{-0.0913975,0.0988509},{0.41617,0.16888},{0.221246,0.444439},{0.613725,0.177919},{0.121374,0.122624},{0.375895,0.623272},{0.185522,0.348112},{-0.0420854,0.241917}};
