k[x_,y_]:=Exp[-0.01*Sum[(x[[i]]-y[[i]])^2,{i,1,Length[x]}]];
b=0;
alphay={462.169527010263,-462.169527010263};
xlist={{0.525915,0.14007},{0.0848653,-0.00853323}};
