k[x_,y_]:=Sum[x[[i]]*y[[i]],{i,1,Length[x]}];
b=-12.1535;
alphay={47324.4887269477,-8050.95738589178,-39273.5313410559};
xlist={{0.525915,0.14007},{0.0848653,-0.00853323},{0.613725,0.177919}};
