k[x_,y_]:=Exp[-10*Sum[(x[[i]]-y[[i]])^2,{i,1,Length[x]}]];
b=1.16123;
alphay={-1083.7028155375,-122.022091991325,-39.4951489318338,-68.6027002708657,418.895725004717,86.8930753817675,808.033956345041};
xlist={{0.525915,0.14007},{0.683415,0.438551},{0.409476,0.32463},{0.688557,-0.083797},{0.514284,-0.00197367},{0.41617,0.16888},{0.55989,0.219357}};
