k[x_,y_]:=Exp[-100*Sum[(x[[i]]-y[[i]])^2,{i,1,Length[x]}]];
b=-0.130214;
alphay={5.41546497192936,1.74553269504023,9.15084487665763,4.36934377775028,15.8034545654637,2.91156083449528,13.7991817870473,2.66708980162174,8.86485828318737,4.54889202585828,1.9446599744498,3.74455050966077,2.68267729724426,-0.259730881542436,-6.29674473699963,-11.0614897404393,-5.00592051767631,-6.8124548018092,-2.22335251487296,-2.30997443381961,-2.59465633601345,-7.29889401659678,-6.2893866521991,-10.2996564614884,-13.3673190400233,-1.91422769918442,-1.91430356774125};
xlist={{0.525915,0.14007},{0.709455,0.36865},{0.0758233,0.6928},{0.672776,0.0440289},{0.662618,0.149151},{0.43511,0.674663},{0.349768,0.640682},{0.279143,0.915875},{0.409476,0.32463},{0.260724,0.677348},{0.863492,0.237233},{0.806687,0.135085},{0.613526,-0.0568415},{0.0848653,-0.00853323},{0.764904,0.160035},{0.651305,0.0858687},{0.442034,0.227804},{0.0557913,0.693783},{0.514284,-0.00197367},{0.102892,0.705553},{0.208735,0.903645},{0.38608,0.383324},{0.289282,0.618659},{0.613725,0.177919},{0.375895,0.623272},{0.220914,0.763926},{0.18171,0.680757}};
