k[x_,y_]:=(0.5*Sum[x[[i]]*y[[i]],{i,1,Length[x]}]+0)^3;
b=-1.00632;
alphay={619.55353326392,-619.55353326392};
xlist={{0.525915,0.14007},{0.0848653,-0.00853323}};
