k[x_,y_]:=Exp[-1*Sum[(x[[i]]-y[[i]])^2,{i,1,Length[x]}]];
b=2.27853;
alphay={100,100,40.5792305580406,100,100,100,7.71379970010737,100,100,100,77.331439446785,100,100,100,100,100,100,-100,-100,-91.8151043838621,-100,-100,-100,-100,-100,-100,-8.45016686144717,-100,-100,-100,-100,-25.3591984596237,-100,-100};
xlist={{0.525915,0.14007},{0.335657,0.684751},{0.709455,0.36865},{0.0758233,0.6928},{0.672776,0.0440289},{0.662618,0.149151},{0.43511,0.674663},{0.349768,0.640682},{0.279143,0.915875},{0.557603,0.113056},{0.623052,-0.030142},{0.409476,0.32463},{0.260724,0.677348},{0.572752,0.518822},{0.605664,0.45062},{0.568974,0.44456},{0.286071,0.924469},{0.764904,0.160035},{0.651305,0.0858687},{0.159249,1.05124},{0.497285,0.417946},{0.516824,0.435696},{0.514284,-0.00197367},{0.536825,0.324838},{0.208735,0.903645},{0.587622,0.513772},{0.100114,-0.0917218},{0.289282,0.618659},{0.613725,0.177919},{0.375895,0.623272},{0.55989,0.219357},{0.275484,0.611903},{0.220914,0.763926},{0.308809,0.613917}};
