k[x_,y_]:=Exp[-0.1*Sum[(x[[i]]-y[[i]])^2,{i,1,Length[x]}]];
b=-130.427;
alphay={30048.1647895395,-5068.0528632846,-24980.1119262549};
xlist={{0.525915,0.14007},{0.0848653,-0.00853323},{0.613725,0.177919}};
