k[x_,y_]:=Sum[x[[i]]*y[[i]],{i,1,Length[x]}];
b=-10.8613;
alphay={-69517.4849434815,11826.4840024705,4538.76100800419,53152.2399330068};
xlist={{0.525915,0.14007},{0.0848653,-0.00853323},{0.651305,0.0858687},{0.613725,0.177919}};
