k[x_,y_]:=Exp[-10*Sum[(x[[i]]-y[[i]])^2,{i,1,Length[x]}]];
b=0.419189;
alphay={1000,0.0057449594383908,73.9262056601835,0.305610927352231,1000,197.197585437932,0.640593274116604,1000,1000,0.610459409529605,64.3619498579911,109.634973968957,1000,1000,472.763879141845,883.578378608396,121.845811678084,831.941160395725,-797.174642710464,-1000,-842.196142324799,-115.274624084121,-432.627265591115,-681.311719027221,-236.785808962945,-142.010568567892,-194.663191311301,-1000,-391.077721413526,-1000,-684.170927544049,-474.289631338564,-765.230110443561};
xlist={{0.525915,0.14007},{1.08883,1.01915},{0.76639,0.259949},{0.809733,0.880612},{0.0758233,0.6928},{0.672776,0.0440289},{0.979303,0.845029},{0.662618,0.149151},{0.349768,0.640682},{0.919269,0.816831},{0.279143,0.915875},{0.557603,0.113056},{0.409476,0.32463},{0.260724,0.677348},{0.806687,0.135085},{0.572752,0.518822},{0.613526,-0.0568415},{0.568974,0.44456},{0.764904,0.160035},{0.651305,0.0858687},{0.442034,0.227804},{0.0557913,0.693783},{0.0245959,0.678565},{0.516824,0.435696},{0.514284,-0.00197367},{0.536825,0.324838},{0.328273,0.370742},{0.587622,0.513772},{0.289282,0.618659},{0.375895,0.623272},{0.55989,0.219357},{0.220914,0.763926},{0.18171,0.680757}};
