k[x_,y_]:=Exp[-1*Sum[(x[[i]]-y[[i]])^2,{i,1,Length[x]}]];
b=-4.61402;
alphay={474.681358882708,19.901511549308,-77.1363604711797,-417.446509960836};
xlist={{0.525915,0.14007},{1.08883,1.01915},{0.0848653,-0.00853323},{0.613725,0.177919}};
