k[x_,y_]:=Exp[-10*Sum[(x[[i]]-y[[i]])^2,{i,1,Length[x]}]];
b=0.327598;
alphay={10,10,0.633217501433747,6.40689311080346,10,10,10,0.181628147577665,10,10,10,0.447064088327536,10,10,0.958542252421152,6.8241034536153,10,2.54261630362958,10,1.0880895355517,-10,-10,-0.943512712401385,-5.66775072718885,-1.76196353096751,-10,-10,-9.47788596786408,-0.470615164619108,-0.211128165818512,-10,-10,-0.122074076787748,-2.13738335788047,-7.12265809258093,-0.827174057390854,-10,-10,-10,-10,-0.12075966320557,-10,-0.219248876655119};
xlist={{0.525915,0.14007},{0.335657,0.684751},{1.08883,1.01915},{0.76639,0.259949},{0.0758233,0.6928},{0.672776,0.0440289},{0.662618,0.149151},{1.08588,0.00347531},{0.349768,0.640682},{0.279143,0.915875},{0.557603,0.113056},{1.09611,0.109935},{0.409476,0.32463},{0.260724,0.677348},{0.806687,0.135085},{0.572752,0.518822},{0.605664,0.45062},{0.613526,-0.0568415},{0.568974,0.44456},{0.286071,0.924469},{0.764904,0.160035},{0.651305,0.0858687},{0.159249,1.05124},{0.0245959,0.678565},{0.497285,0.417946},{0.516824,0.435696},{0.514284,-0.00197367},{0.536825,0.324838},{0.0451912,0.503292},{0.212556,0.219576},{0.208735,0.903645},{0.587622,0.513772},{0.100114,-0.0917218},{0.334011,0.160909},{0.289282,0.618659},{-0.0913975,0.0988509},{0.613725,0.177919},{0.375895,0.623272},{0.55989,0.219357},{0.220914,0.763926},{0.18171,0.680757},{0.308809,0.613917},{-0.0420854,0.241917}};
