k[x_,y_]:=Exp[-10*Sum[(x[[i]]-y[[i]])^2,{i,1,Length[x]}]];
b=14.2628;
alphay={4255.83969944492,1037.05019431661,124.164242288047,3526.01970789851,8788.20040164753,98.2601833969295,4159.72438680689,197.436234571343,3380.01591374681,355.752686559895,30.8306001304132,411.306954134695,-6930.80122800269,-8788.20040164753,-18.8031352002175,-3295.77255926744,-265.205583127755,-48.9814939659784,-444.609659622143,-458.913862600239,-303.518185720873,-0.213432287633025,-8.07898827863271,-559.549796412778,-1208.83555302564,-421.609046726218,-3439.10091217811,-172.407366878716};
xlist={{0.525915,0.14007},{0.76639,0.259949},{0.0758233,0.6928},{0.672776,0.0440289},{0.662618,0.149151},{0.349768,0.640682},{0.409476,0.32463},{0.260724,0.677348},{0.806687,0.135085},{0.572752,0.518822},{0.613526,-0.0568415},{0.568974,0.44456},{0.764904,0.160035},{0.651305,0.0858687},{-0.00601104,0.832049},{0.442034,0.227804},{0.291704,0.497202},{0.0245959,0.678565},{0.497285,0.417946},{0.514284,-0.00197367},{0.328273,0.370742},{-0.110507,0.930729},{0.119328,0.764488},{0.587622,0.513772},{0.38608,0.383324},{0.613725,0.177919},{0.55989,0.219357},{0.220914,0.763926}};
