k[x_,y_]:=Sum[x[[i]]*y[[i]],{i,1,Length[x]}];
b=-3.03826;
alphay={-138711.238842893,-138711.238842893,-138711.238842893,138711.238842893,81072.6753702804,57638.5634726128,1461.69970882713,137249.539134066};
xlist={{0.525915,0.14007},{0.335657,0.684751},{0.688557,-0.083797},{0.764904,0.160035},{0.651305,0.0858687},{0.516824,0.435696},{0.587622,0.513772},{0.185522,0.348112}};
