k[x_,y_]:=Exp[-10*Sum[(x[[i]]-y[[i]])^2,{i,1,Length[x]}]];
b=0.551831;
alphay={100,71.2883418556621,0.422110459748468,32.7029557718864,100,37.5094908521524,100,100,11.7759038205165,100,100,100,52.3261715469666,81.0759388895395,2.57304556540739,17.4258674780252,100,-100,-100,-100,-6.17672978728278,-55.902067681558,-87.4545262078361,-62.0027577514423,-2.60860712616792,-100,-9.44561401763106,-0.338163093590126,-100,-100,-48.8329253628016,-100,-34.3384352115947,-100};
xlist={{0.525915,0.14007},{0.335657,0.684751},{1.08883,1.01915},{0.76639,0.259949},{0.0758233,0.6928},{0.672776,0.0440289},{0.662618,0.149151},{0.349768,0.640682},{0.279143,0.915875},{0.557603,0.113056},{0.409476,0.32463},{0.260724,0.677348},{0.806687,0.135085},{0.572752,0.518822},{0.605664,0.45062},{0.613526,-0.0568415},{0.568974,0.44456},{0.764904,0.160035},{0.651305,0.0858687},{0.442034,0.227804},{0.321754,0.247614},{0.0245959,0.678565},{0.516824,0.435696},{0.514284,-0.00197367},{0.0451912,0.503292},{0.587622,0.513772},{0.289282,0.618659},{-0.0913975,0.0988509},{0.613725,0.177919},{0.375895,0.623272},{0.55989,0.219357},{0.220914,0.763926},{0.18171,0.680757},{0.308809,0.613917}};
