k[x_,y_]:=Exp[-1*Sum[(x[[i]]-y[[i]])^2,{i,1,Length[x]}]];
b=78.7017;
alphay={17705.9276130711,12156.2313697649,4967.10588821235,4762.68643519684,849.898890692116,2154.36577179802,1435.41591831549,686.30888488396,384.221830837807,730.117184241815,118.175610710954,5943.25026921453,450.036829704537,774.040342568849,-8187.64493311032,-16676.6486782767,-251.993008317428,-689.578541950094,-818.029697554777,-5414.18303129564,-407.194818334764,-797.845172457646,-1516.16642894737,-1229.56082196004,-1336.26389017268,-718.732454657088,-3084.89393850126,-525.889207780194,-401.284646878669,-10191.2250727249,-870.648496293622};
xlist={{0.525915,0.14007},{0.335657,0.684751},{0.76639,0.259949},{0.0758233,0.6928},{0.672776,0.0440289},{0.662618,0.149151},{0.557603,0.113056},{1.09611,0.109935},{0.863492,0.237233},{0.312414,1.07403},{0.953689,0.223568},{0.688557,-0.083797},{0.833157,0.277062},{0.806687,0.135085},{0.764904,0.160035},{0.651305,0.0858687},{0.321754,0.247614},{0.497285,0.417946},{0.516824,0.435696},{0.514284,-0.00197367},{0.144638,0.283194},{0.212556,0.219576},{0.587622,0.513772},{0.38608,0.383324},{0.289282,0.618659},{0.128658,0.0221405},{0.375895,0.623272},{0.275484,0.611903},{0.186605,0.518318},{0.220914,0.763926},{0.308809,0.613917}};
