k[x_,y_]:=Exp[-10*Sum[(x[[i]]-y[[i]])^2,{i,1,Length[x]}]];
b=0.406265;
alphay={42.0829501219022,42.0829501219022,0.548579812116281,16.4728711575034,42.0829501219022,24.6824083141716,42.0829501219022,42.0829501219022,12.2889693893363,42.0829501219022,42.0829501219022,42.0829501219022,17.5121833501925,24.4347358615358,19.3071793496048,11.0019231312458,42.0829501219022,-42.0829501219022,-42.0829501219022,-20.7975530696951,-8.10485379215731,-23.0354606069478,-42.0829501219022,-35.5497821424912,-6.43320499471979,-0.165361270757076,-10.3757188067263,-42.0829501219022,-15.5443233536502,-0.777196250075898,-42.0829501219022,-42.0829501219022,-35.2310829141017,-42.0829501219022,-12.3172632862864,-42.0829501219022};
xlist={{0.525915,0.14007},{0.335657,0.684751},{1.08883,1.01915},{0.76639,0.259949},{0.0758233,0.6928},{0.672776,0.0440289},{0.662618,0.149151},{0.349768,0.640682},{0.279143,0.915875},{0.557603,0.113056},{0.409476,0.32463},{0.260724,0.677348},{0.806687,0.135085},{0.572752,0.518822},{0.605664,0.45062},{0.613526,-0.0568415},{0.568974,0.44456},{0.764904,0.160035},{0.651305,0.0858687},{0.442034,0.227804},{0.321754,0.247614},{0.0245959,0.678565},{0.516824,0.435696},{0.514284,-0.00197367},{0.536825,0.324838},{0.0451912,0.503292},{0.208735,0.903645},{0.587622,0.513772},{0.289282,0.618659},{-0.0913975,0.0988509},{0.613725,0.177919},{0.375895,0.623272},{0.55989,0.219357},{0.220914,0.763926},{0.18171,0.680757},{0.308809,0.613917}};
