k[x_,y_]:=(0.5*Sum[x[[i]]*y[[i]],{i,1,Length[x]}]+0)^3;
b=-4.38344;
alphay={11673.0046975854,9511.83746950547,131.267769554294,2161.16722807993,11541.7369280311,-1399.81906957758,-11673.0046975854,-2330.68152635006,-10829.8095347174,-259.921538884256,-2018.27824684658,-6507.49947879488};
xlist={{0.525915,0.14007},{0.335657,0.684751},{1.08883,1.01915},{0.0758233,0.6928},{0.613526,-0.0568415},{0.764904,0.160035},{0.651305,0.0858687},{0.514284,-0.00197367},{0.328273,0.370742},{0.375895,0.623272},{0.275484,0.611903},{0.220914,0.763926}};
