k[x_,y_]:=Exp[-100*Sum[(x[[i]]-y[[i]])^2,{i,1,Length[x]}]];
b=0.104897;
alphay={0.885491529940628,0.706802003692628,0.472063592185104,0.691026459243079,0.114465057938872,3.01798060711894,0.587010273069357,6.30569809545747,100,13.3767879201163,0.0391106054085282,0.654937030960974,0.354518585217722,0.632889041685655,0.519841453851685,0.520718237623017,22.5660407839683,0.68327946874886,0.283324031818881,1.6941385771437,18.4817001835501,2.1665904191492,8.18475491201912,0.552927689122419,0.332462348693733,0.661285728778897,1.20487768356904,4.78933546943114,2.53642409209194,0.536958061383174,0.609486816644055,0.83162998398637,0.386696063130269,9.84405984285798,0.551024007487459,82.1657186741266,14.9915481093808,0.226776043865216,0.384359646125592,-0.167560163224199,-14.4117268087768,-23.3589331581599,-1.06754157252839,-2.18493067454175,-0.549295252755396,-63.03231964976,-0.420822432647639,-8.41741521442654,-2.25037703559203,-0.303303517967812,-1.20530478160868,-0.119994072982693,-1.09789365595248,-41.1323893073422,-0.735913041955081,-0.248869511512209,-0.340008848719242,-2.20113275291501,-0.425435757543145,-5.55660322358627,-90.5219100637056,-0.882847608702112,-2.60756596393925,-0.361932091321016,-7.16647392449601,-0.532182641261137,-0.998765803178096,-0.215222154359585,-0.394518632154942,-13.0579494544228,-0.551118396366449,-16.1119236370073,-0.914558325170889};
xlist={{1.08883,1.01915},{0.78708,1.00321},{0.681286,0.831526},{1.05778,0.561713},{0.677085,0.656024},{0.76639,0.259949},{0.809733,0.880612},{0.697481,0.514252},{0.0758233,0.6928},{0.672776,0.0440289},{0.548464,0.877153},{0.979303,0.845029},{0.599463,0.841292},{0.931216,0.473004},{0.643949,0.956236},{0.45031,0.99531},{0.662618,0.149151},{1.08588,0.00347531},{0.798443,0.633239},{0.43511,0.674663},{0.349768,0.640682},{0.279143,0.915875},{0.557603,0.113056},{0.45775,0.852791},{0.530819,0.965572},{1.09611,0.109935},{0.62605,0.641837},{0.409476,0.32463},{0.260724,0.677348},{0.955933,0.615135},{0.939619,0.339713},{0.312414,1.07403},{0.953689,0.223568},{0.806687,0.135085},{0.926007,0.757767},{0.572752,0.518822},{0.605664,0.45062},{0.613526,-0.0568415},{0.568974,0.44456},{0.0848653,-0.00853323},{0.764904,0.160035},{0.651305,0.0858687},{0.159249,1.05124},{0.442034,0.227804},{0.321754,0.247614},{0.0557913,0.693783},{0.109356,0.203229},{0.516824,0.435696},{0.514284,-0.00197367},{0.536825,0.324838},{0.309902,0.323016},{0.0506605,0.374932},{-0.110507,0.930729},{0.102892,0.705553},{0.0443197,0.405143},{0.144638,0.283194},{0.212556,0.219576},{0.208735,0.903645},{0.151786,0.351815},{0.108564,0.597168},{0.587622,0.513772},{0.100114,-0.0917218},{0.38608,0.383324},{0.334011,0.160909},{0.289282,0.618659},{0.128658,0.0221405},{-0.0913975,0.0988509},{0.41617,0.16888},{0.221246,0.444439},{0.613725,0.177919},{0.121374,0.122624},{0.375895,0.623272},{-0.0420854,0.241917}};
