k[x_,y_]:=Exp[-0.01*Sum[(x[[i]]-y[[i]])^2,{i,1,Length[x]}]];
b=12.4906;
alphay={-8676.14576139779,-8676.14576139779,-8676.14576139779,3900.62530317751,8676.14576139779,8676.14576139779,4775.52045822028};
xlist={{0.525915,0.14007},{0.335657,0.684751},{0.688557,-0.083797},{0.0848653,-0.00853323},{0.764904,0.160035},{0.651305,0.0858687},{0.208735,0.903645}};
