k[x_,y_]:=Exp[-0.01*Sum[(x[[i]]-y[[i]])^2,{i,1,Length[x]}]];
b=-614.761;
alphay={1387856.88439554,-235907.214459427,-1151949.66993611};
xlist={{0.525915,0.14007},{0.0848653,-0.00853323},{0.613725,0.177919}};
