k[x_,y_]:=Exp[-10*Sum[(x[[i]]-y[[i]])^2,{i,1,Length[x]}]];
b=0.241537;
alphay={0.320812672338885,0.320812672338885,0.320812672338885,0.320812672338885,0.267134738109433,0.320812672338885,0.320812672338885,0.320812672338885,0.320812672338885,0.149132485735055,0.320812672338885,0.320812672338885,0.320812672338885,0.320812672338885,0.320812672338885,0.320812672338885,0.320812672338885,0.320812672338885,0.320812672338885,0.320812672338885,0.0141494608248922,0.286469063266152,0.320812672338885,0.320812672338885,0.320812672338885,0.320812672338885,0.245552269081124,0.320812672338885,0.320812672338885,0.320812672338885,0.320812672338885,0.320812672338885,-0.320812672338885,-0.320812672338885,-0.320812672338885,-0.320812672338885,-0.320812672338885,-0.320812672338885,-0.0185243771467728,-0.320812672338885,-0.320812672338885,-0.320812672338885,-0.320812672338885,-0.320812672338885,-0.311482844548265,-0.0484846415429591,-0.320812672338885,-0.320812672338885,-0.320812672338885,-0.320812672338885,-0.320812672338885,-0.263133481439775,-0.320812672338885,-0.320812672338885,-0.320812672338885,-0.320812672338885,-0.320812672338885,-0.320812672338885,-0.320812672338885,-0.320812672338885,-0.320812672338885,-0.320812672338885,-0.320812672338885,-0.320812672338885};
xlist={{0.525915,0.14007},{0.335657,0.684751},{1.08883,1.01915},{0.709455,0.36865},{0.78708,1.00321},{1.05778,0.561713},{0.76639,0.259949},{0.0758233,0.6928},{0.672776,0.0440289},{0.979303,0.845029},{0.683415,0.438551},{0.386467,0.880551},{0.662618,0.149151},{1.08588,0.00347531},{0.408354,0.740695},{0.43511,0.674663},{0.349768,0.640682},{0.279143,0.915875},{0.557603,0.113056},{0.623052,-0.030142},{0.401203,0.859367},{1.09611,0.109935},{0.409476,0.32463},{0.260724,0.677348},{0.312414,1.07403},{0.499596,0.712846},{0.688557,-0.083797},{0.572752,0.518822},{0.605664,0.45062},{0.613526,-0.0568415},{0.568974,0.44456},{0.286071,0.924469},{0.0848653,-0.00853323},{0.764904,0.160035},{0.651305,0.0858687},{0.159249,1.05124},{-0.00601104,0.832049},{0.442034,0.227804},{0.291704,0.497202},{0.497285,0.417946},{0.516824,0.435696},{0.514284,-0.00197367},{0.536825,0.324838},{-0.110507,0.930729},{0.102892,0.705553},{0.0443197,0.405143},{0.208735,0.903645},{0.119328,0.764488},{0.587622,0.513772},{0.100114,-0.0917218},{0.38608,0.383324},{0.334011,0.160909},{0.289282,0.618659},{0.303944,0.551695},{-0.0913975,0.0988509},{0.41617,0.16888},{0.613725,0.177919},{0.375895,0.623272},{0.55989,0.219357},{0.275484,0.611903},{0.220914,0.763926},{0.18171,0.680757},{0.308809,0.613917},{-0.0420854,0.241917}};
