k[x_,y_]:=Exp[-100*Sum[(x[[i]]-y[[i]])^2,{i,1,Length[x]}]];
b=0.130537;
alphay={1.07890164153659,1.07890164153659,0.859938351160423,0.480546600159542,0.686862793695698,0.485999089389441,0.688839376996725,0.235061698231659,0.856305063333064,0.442473516710727,0.566910792861782,1.07890164153659,1.07890164153659,0.155348163023757,0.640925993461205,0.271812647453186,0.466026760574489,0.359463166730303,0.498089060394,0.529271035295775,1.07890164153659,0.655875979537886,0.0192605071128109,0.61232821528779,0.528499932475842,1.07890164153659,1.07890164153659,1.07890164153659,0.467290212258105,0.131632505891639,0.0861620890156257,0.306237776912709,0.634548846963612,0.515076065152849,1.07890164153659,1.07890164153659,0.500985211474084,0.561325758050699,0.108691414567883,0.832811692026346,0.0251491031306298,0.665286746042059,0.582596544711884,0.374045398332985,0.313967656684402,1.07890164153659,0.522221710113615,1.07890164153659,0.565423239421813,0.786967624727234,1.07890164153659,0.321069566757814,-0.171832505562785,-1.07890164153659,-1.07890164153659,-1.07890164153659,-0.876547617642312,-0.691391132205679,-0.220401541730995,-0.461821157648504,-0.142064706768115,-0.393917529168771,-0.125902566303984,-1.01506815572845,-0.593287661223941,-1.07890164153659,-1.07890164153659,-0.596909806883876,-0.664899650908742,-0.673826714927661,-1.01884357066752,-0.346335516635938,-0.0735347302654405,-0.696665396784641,-0.227188020009931,-0.242077248871577,-0.485753434398768,-1.07890164153659,-0.104728115322987,-0.26712771477564,-0.438066766749481,-1.07890164153659,-0.903270888277844,-0.170271161243472,-1.07890164153659,-0.463836499225819,-1.07890164153659,-0.54525517905932,-1.02320030997999,-0.692268861797643,-0.272615094405851,-1.07890164153659,-0.560456653392974,-1.07890164153659,-1.0738652959265,-0.0473046473083675,-0.0857453229650968,-1.07890164153659,-0.305877677021487,-0.745904702465615,-1.07890164153659,-0.92326435186637};
xlist={{0.525915,0.14007},{0.335657,0.684751},{1.08883,1.01915},{0.709455,0.36865},{0.78708,1.00321},{0.681286,0.831526},{1.05778,0.561713},{0.677085,0.656024},{0.76639,0.259949},{0.716276,0.524459},{0.809733,0.880612},{0.0758233,0.6928},{0.672776,0.0440289},{0.548464,0.877153},{0.979303,0.845029},{0.599463,0.841292},{0.931216,0.473004},{0.432132,0.837625},{0.643949,0.956236},{0.45031,0.99531},{0.662618,0.149151},{1.08588,0.00347531},{0.80428,0.58847},{0.798443,0.633239},{0.43511,0.674663},{0.349768,0.640682},{0.279143,0.915875},{0.557603,0.113056},{0.830451,0.460743},{0.45775,0.852791},{0.401203,0.859367},{0.530819,0.965572},{1.09611,0.109935},{0.62605,0.641837},{0.409476,0.32463},{0.260724,0.677348},{0.955933,0.615135},{0.939619,0.339713},{0.863492,0.237233},{0.312414,1.07403},{0.736378,0.464168},{0.885389,0.0359631},{0.953689,0.223568},{0.499596,0.712846},{0.688557,-0.083797},{0.806687,0.135085},{0.926007,0.757767},{0.572752,0.518822},{0.605664,0.45062},{0.613526,-0.0568415},{0.568974,0.44456},{0.286071,0.924469},{0.0848653,-0.00853323},{0.764904,0.160035},{0.651305,0.0858687},{0.159249,1.05124},{-0.00601104,0.832049},{0.442034,0.227804},{0.321754,0.247614},{0.0557913,0.693783},{0.168483,0.449866},{0.109356,0.203229},{0.291704,0.497202},{0.0245959,0.678565},{0.497285,0.417946},{0.516824,0.435696},{0.514284,-0.00197367},{0.536825,0.324838},{0.309902,0.323016},{0.0506605,0.374932},{-0.110507,0.930729},{0.102892,0.705553},{0.0443197,0.405143},{0.0451912,0.503292},{0.240353,0.467545},{0.144638,0.283194},{0.212556,0.219576},{0.208735,0.903645},{0.151786,0.351815},{0.119328,0.764488},{0.108564,0.597168},{0.587622,0.513772},{0.100114,-0.0917218},{0.147947,0.514568},{0.38608,0.383324},{0.334011,0.160909},{0.289282,0.618659},{0.128658,0.0221405},{-0.0913975,0.0988509},{0.41617,0.16888},{0.221246,0.444439},{0.613725,0.177919},{0.121374,0.122624},{0.375895,0.623272},{0.55989,0.219357},{0.275484,0.611903},{0.186605,0.518318},{0.220914,0.763926},{0.185522,0.348112},{0.18171,0.680757},{0.308809,0.613917},{-0.0420854,0.241917}};
