k[x_,y_]:=(0.5*Sum[x[[i]]*y[[i]],{i,1,Length[x]}]+0)^3;
b=-1.7043;
alphay={9251.63861593692,8767.8967825681,875.396186077791,1121.44631136488,9251.63861593692,4188.3236217974,914.044440861434,9251.63861593692,835.440636379809,9251.63861593692,9251.63861593692,9251.63861593692,9251.63861593692,7382.31261998844,2194.04524220455,9251.63861593692,1476.01000656834,9251.63861593692,-9251.63861593692,-9251.63861593692,-4397.91633830253,-6142.0822432104,-8851.5582846797,-7928.96918282837,-4853.7222776344,-9073.55460756016,-9251.63861593692,-9251.63861593692,-9251.63861593692,-5010.39014546905,-9251.63861593692,-9251.63861593692};
xlist={{0.525915,0.14007},{0.335657,0.684751},{0.709455,0.36865},{0.681286,0.831526},{0.0758233,0.6928},{0.672776,0.0440289},{0.683415,0.438551},{0.662618,0.149151},{0.349768,0.640682},{0.557603,0.113056},{0.623052,-0.030142},{0.409476,0.32463},{0.260724,0.677348},{0.312414,1.07403},{0.572752,0.518822},{0.605664,0.45062},{0.613526,-0.0568415},{0.568974,0.44456},{0.764904,0.160035},{0.651305,0.0858687},{0.159249,1.05124},{0.497285,0.417946},{0.516824,0.435696},{0.514284,-0.00197367},{0.208735,0.903645},{0.587622,0.513772},{0.303944,0.551695},{0.613725,0.177919},{0.375895,0.623272},{0.55989,0.219357},{0.220914,0.763926},{0.308809,0.613917}};
