k[x_,y_]:=Exp[-10*Sum[(x[[i]]-y[[i]])^2,{i,1,Length[x]}]];
b=0.240222;
alphay={1,1,0.664719496293932,1,0.0904538231559668,0.326599688227802,0.524709158928984,1,1,0.021786032510126,1,0.430355805441901,0.74821095730493,1,1,1,1,1,0.20257901459108,1,1,0.803018066037692,1,1,0.433076114552096,1,1,-1,-1,-1,-0.389059028661021,-1,-1,-1,-1,-0.71186928349115,-1,-0.703051425098848,-1,-0.732284787204033,-1,-0.0450370652555187,-0.459409457610754,-1,-1,-1,-1,-1,-1,-0.785332741417011,-1,-0.419464368306174};
xlist={{0.525915,0.14007},{0.335657,0.684751},{1.08883,1.01915},{0.709455,0.36865},{0.78708,1.00321},{1.05778,0.561713},{0.76639,0.259949},{0.0758233,0.6928},{0.672776,0.0440289},{0.683415,0.438551},{0.662618,0.149151},{1.08588,0.00347531},{0.408354,0.740695},{0.43511,0.674663},{0.349768,0.640682},{0.279143,0.915875},{0.557603,0.113056},{0.623052,-0.030142},{1.09611,0.109935},{0.409476,0.32463},{0.260724,0.677348},{0.312414,1.07403},{0.572752,0.518822},{0.605664,0.45062},{0.613526,-0.0568415},{0.568974,0.44456},{0.286071,0.924469},{0.764904,0.160035},{0.651305,0.0858687},{0.159249,1.05124},{0.442034,0.227804},{0.497285,0.417946},{0.516824,0.435696},{0.514284,-0.00197367},{0.536825,0.324838},{-0.110507,0.930729},{0.208735,0.903645},{0.119328,0.764488},{0.587622,0.513772},{0.100114,-0.0917218},{0.289282,0.618659},{0.303944,0.551695},{-0.0913975,0.0988509},{0.41617,0.16888},{0.613725,0.177919},{0.375895,0.623272},{0.55989,0.219357},{0.275484,0.611903},{0.220914,0.763926},{0.18171,0.680757},{0.308809,0.613917},{-0.0420854,0.241917}};
