k[x_,y_]:=Exp[-100*Sum[(x[[i]]-y[[i]])^2,{i,1,Length[x]}]];
b=0.0924743;
alphay={1.16664289095872,0.897202008464203,0.205115943765943,0.714655705466475,0.476181513750536,0.719474437127459,0.205540700678794,1.89269278927316,0.596506290878579,0.841029603838108,5.99389917137911,4.01401556033179,0.0574198381052025,0.668899532222365,0.368817410838897,0.480829556049671,0.196960439307145,0.524124510128606,0.528164745811737,5.99389917137911,0.690344255875991,0.0100794230187228,0.657008503649846,1.70853358138112,5.99389917137911,2.22480091735659,2.80892826603293,0.502252618564817,0.387894468552906,0.345822348585542,0.665691100103819,0.640681704299098,5.01411078473057,4.62249843614618,0.524352599173891,0.599368512570334,0.834850386151202,0.195194987875574,0.539155379695717,4.71139328200333,0.545612028100897,5.3075116768523,0.929490589313702,4.92524321537952,-0.177657363378201,-5.99389917137911,-5.99389917137911,-1.06261472936689,-0.780893914329606,-2.43894927849367,-0.628550029876638,-5.36198636787045,-0.415259235819153,-0.363725196278334,-4.48775737189191,-1.9483545459707,-1.04451211235622,-0.990019786183358,-0.646200724478591,-0.992840992527962,-0.991148483212709,-0.0314148041620074,-0.710134237890975,-0.352479886267072,-0.319023267544115,-2.10895021349033,-0.179209179430961,-0.516777075435511,-5.99389917137911,-0.872563372347598,-3.24127949046823,-0.39590414196441,-4.76689646113664,-0.506106550387633,-0.989962440236732,-0.286857103789928,-4.91089861714766,-0.573305518859844,-5.99389917137911,-1.74693714645116,-0.0411680604128524,-2.17969525575329,-0.891160415821527};
xlist={{0.525915,0.14007},{1.08883,1.01915},{0.709455,0.36865},{0.78708,1.00321},{0.681286,0.831526},{1.05778,0.561713},{0.677085,0.656024},{0.76639,0.259949},{0.809733,0.880612},{0.697481,0.514252},{0.0758233,0.6928},{0.672776,0.0440289},{0.548464,0.877153},{0.979303,0.845029},{0.599463,0.841292},{0.931216,0.473004},{0.432132,0.837625},{0.643949,0.956236},{0.45031,0.99531},{0.662618,0.149151},{1.08588,0.00347531},{0.80428,0.58847},{0.798443,0.633239},{0.43511,0.674663},{0.349768,0.640682},{0.279143,0.915875},{0.557603,0.113056},{0.830451,0.460743},{0.45775,0.852791},{0.530819,0.965572},{1.09611,0.109935},{0.62605,0.641837},{0.409476,0.32463},{0.260724,0.677348},{0.955933,0.615135},{0.939619,0.339713},{0.312414,1.07403},{0.885389,0.0359631},{0.953689,0.223568},{0.806687,0.135085},{0.926007,0.757767},{0.572752,0.518822},{0.613526,-0.0568415},{0.568974,0.44456},{0.0848653,-0.00853323},{0.764904,0.160035},{0.651305,0.0858687},{0.159249,1.05124},{-0.00601104,0.832049},{0.442034,0.227804},{0.321754,0.247614},{0.0557913,0.693783},{0.168483,0.449866},{0.109356,0.203229},{0.516824,0.435696},{0.514284,-0.00197367},{0.536825,0.324838},{0.309902,0.323016},{0.0506605,0.374932},{-0.110507,0.930729},{0.102892,0.705553},{0.0443197,0.405143},{0.0451912,0.503292},{0.144638,0.283194},{0.212556,0.219576},{0.208735,0.903645},{0.151786,0.351815},{0.108564,0.597168},{0.587622,0.513772},{0.100114,-0.0917218},{0.38608,0.383324},{0.334011,0.160909},{0.289282,0.618659},{0.128658,0.0221405},{-0.0913975,0.0988509},{0.221246,0.444439},{0.613725,0.177919},{0.121374,0.122624},{0.375895,0.623272},{0.220914,0.763926},{0.185522,0.348112},{0.18171,0.680757},{-0.0420854,0.241917}};
