k[x_,y_]:=Exp[-0.01*Sum[(x[[i]]-y[[i]])^2,{i,1,Length[x]}]];
b=9.52406;
alphay={5710.78204831619,5710.78204831619,5710.78204831619,4411.05367054885,5710.78204831619,5710.78204831619,5710.78204831619,5710.78204831619,5710.78204831619,5710.78204831619,5710.78204831619,1299.72837776734,5710.78204831619,-5710.78204831619,-5710.78204831619,-5710.78204831619,-955.27071976092,-4755.51132855527,-5710.78204831619,-5710.78204831619,-5710.78204831619,-5710.78204831619,-5710.78204831619,-5710.78204831619,-5710.78204831619,-5710.78204831619};
xlist={{0.525915,0.14007},{0.335657,0.684751},{0.709455,0.36865},{0.681286,0.831526},{0.677085,0.656024},{0.0758233,0.6928},{0.349768,0.640682},{0.279143,0.915875},{0.557603,0.113056},{0.409476,0.32463},{0.260724,0.677348},{0.312414,1.07403},{0.613526,-0.0568415},{0.764904,0.160035},{0.651305,0.0858687},{0.159249,1.05124},{0.442034,0.227804},{0.497285,0.417946},{0.516824,0.435696},{0.536825,0.324838},{0.208735,0.903645},{0.587622,0.513772},{0.303944,0.551695},{0.375895,0.623272},{0.55989,0.219357},{0.220914,0.763926}};
