k[x_,y_]:=Exp[-0.1*Sum[(x[[i]]-y[[i]])^2,{i,1,Length[x]}]];
b=34.5762;
alphay={3741.93806402233,3741.93806402233,3741.93806402233,3241.65254000035,3741.93806402233,248.244594266901,3741.93806402233,3741.93806402233,3741.93806402233,162.076901044406,3741.93806402233,3741.93806402233,539.81410958299,3741.93806402233,3292.08798315001,-3648.49375066347,-3741.93806402233,-3741.93806402233,-3102.05097550139,-1095.44104869099,-639.887088520938,-3741.93806402233,-3741.93806402233,-3741.93806402233,-597.638683957639,-3741.93806402233,-3741.93806402233,-3741.93806402233,-3397.45200259552,-2486.78870615937};
xlist={{0.525915,0.14007},{0.335657,0.684751},{0.709455,0.36865},{0.677085,0.656024},{0.0758233,0.6928},{0.43511,0.674663},{0.349768,0.640682},{0.279143,0.915875},{0.557603,0.113056},{0.623052,-0.030142},{0.409476,0.32463},{0.260724,0.677348},{0.688557,-0.083797},{0.613526,-0.0568415},{0.286071,0.924469},{0.764904,0.160035},{0.651305,0.0858687},{0.159249,1.05124},{0.442034,0.227804},{0.291704,0.497202},{0.516824,0.435696},{0.536825,0.324838},{0.208735,0.903645},{0.587622,0.513772},{0.100114,-0.0917218},{0.303944,0.551695},{0.375895,0.623272},{0.55989,0.219357},{0.220914,0.763926},{0.308809,0.613917}};
