k[x_,y_]:=Exp[-1*Sum[(x[[i]]-y[[i]])^2,{i,1,Length[x]}]];
b=3.93334;
alphay={6154.41666506361,6154.41666506361,2031.22173088264,134.288631399839,6154.41666506361,5168.33202325696,686.967357549905,6154.41666506361,6154.41666506361,6154.41666506361,6154.41666506361,6154.41666506361,1861.3755949642,6110.96212106815,60.8993320136293,6154.41666506361,2409.2032040555,-6154.41666506361,-6154.41666506361,-1855.12914811763,-2483.23827884623,-111.38899385447,-6116.46184345656,-6154.41666506361,-5499.92916301479,-283.384979947933,-366.599543209134,-831.18706790056,-6154.41666506361,-6154.41666506361,-5734.66028565978,-37.9548216070455,-1041.07039768514,-6154.41666506361,-6154.41666506361,-6154.41666506361,-256.66213695515};
xlist={{0.525915,0.14007},{0.335657,0.684751},{0.709455,0.36865},{0.76639,0.259949},{0.0758233,0.6928},{0.662618,0.149151},{1.08588,0.00347531},{0.349768,0.640682},{0.279143,0.915875},{0.557603,0.113056},{0.409476,0.32463},{0.260724,0.677348},{0.688557,-0.083797},{0.605664,0.45062},{0.613526,-0.0568415},{0.568974,0.44456},{0.286071,0.924469},{0.764904,0.160035},{0.651305,0.0858687},{0.159249,1.05124},{0.442034,0.227804},{0.0245959,0.678565},{0.497285,0.417946},{0.516824,0.435696},{0.514284,-0.00197367},{0.0506605,0.374932},{0.0443197,0.405143},{0.0451912,0.503292},{0.208735,0.903645},{0.587622,0.513772},{0.289282,0.618659},{0.41617,0.16888},{0.613725,0.177919},{0.375895,0.623272},{0.220914,0.763926},{0.308809,0.613917},{-0.0420854,0.241917}};
