k[x_,y_]:=Exp[-100*Sum[(x[[i]]-y[[i]])^2,{i,1,Length[x]}]];
b=-0.0679845;
alphay={1.05645761529666,0.843215641152581,0.566930543675209,0.825158726721999,0.157663465856817,3.16309052622632,0.699724457853261,6.42602523775585,193.803857608016,13.535997892705,0.0876287648921155,0.782356863912005,0.409448129609004,0.759814657993531,0.617124973445271,0.640849668120763,22.6680673010462,0.816219577500636,0.416355289473837,1.73457605141289,17.1294453834953,2.14882712614916,0.402727115128537,8.2706472311685,0.274185230249093,0.388356737535176,0.787373067972727,1.30968181876301,4.80032669718308,4.20592732031398,0.633815574403421,0.723649477879207,0.977641184019136,0.514306690428327,10.014262698903,0.655376672994872,82.5884699228396,15.2325825742772,0.333103701235968,0.196135090329322,-0.138415416625779,-14.4730778877632,-23.4608881800062,-0.933116613371444,-2.11595789614345,-0.520658344147594,-121.535431380958,-0.380729519612463,-8.2919528817751,-2.13285346698553,-0.184133298126965,-1.14789996386687,-0.386648882311095,-0.919622637129566,-79.2374823949722,-0.276836902610493,-0.145955414936186,-0.276610586429336,-1.9134587258875,-0.413556418770508,-10.0916756544874,-90.9095114072864,-0.745257250628591,-2.51053748435548,-0.259521950883632,-7.47036057275585,-0.453450340408978,-0.843773068747381,-0.165122463105071,-0.126922443156678,-12.9989481613253,-0.456314191136957,-14.9189140541044,-0.761808453122581};
xlist={{1.08883,1.01915},{0.78708,1.00321},{0.681286,0.831526},{1.05778,0.561713},{0.677085,0.656024},{0.76639,0.259949},{0.809733,0.880612},{0.697481,0.514252},{0.0758233,0.6928},{0.672776,0.0440289},{0.548464,0.877153},{0.979303,0.845029},{0.599463,0.841292},{0.931216,0.473004},{0.643949,0.956236},{0.45031,0.99531},{0.662618,0.149151},{1.08588,0.00347531},{0.798443,0.633239},{0.43511,0.674663},{0.349768,0.640682},{0.279143,0.915875},{0.447129,0.845902},{0.557603,0.113056},{0.45775,0.852791},{0.530819,0.965572},{1.09611,0.109935},{0.62605,0.641837},{0.409476,0.32463},{0.260724,0.677348},{0.955933,0.615135},{0.939619,0.339713},{0.312414,1.07403},{0.953689,0.223568},{0.806687,0.135085},{0.926007,0.757767},{0.572752,0.518822},{0.605664,0.45062},{0.613526,-0.0568415},{0.568974,0.44456},{0.0848653,-0.00853323},{0.764904,0.160035},{0.651305,0.0858687},{0.159249,1.05124},{0.442034,0.227804},{0.321754,0.247614},{0.0557913,0.693783},{0.109356,0.203229},{0.516824,0.435696},{0.514284,-0.00197367},{0.536825,0.324838},{0.309902,0.323016},{0.0506605,0.374932},{-0.110507,0.930729},{0.102892,0.705553},{0.0443197,0.405143},{0.144638,0.283194},{0.212556,0.219576},{0.208735,0.903645},{0.151786,0.351815},{0.108564,0.597168},{0.587622,0.513772},{0.100114,-0.0917218},{0.38608,0.383324},{0.334011,0.160909},{0.289282,0.618659},{0.128658,0.0221405},{-0.0913975,0.0988509},{0.41617,0.16888},{0.221246,0.444439},{0.613725,0.177919},{0.121374,0.122624},{0.375895,0.623272},{-0.0420854,0.241917}};
