k[x_,y_]:=(0.5*Sum[x[[i]]*y[[i]],{i,1,Length[x]}]+0)^3;
b=-1.1165;
alphay={448626.325735085,-171970.5760057,-276655.749729385};
xlist={{0.525915,0.14007},{0.0848653,-0.00853323},{0.613725,0.177919}};
