k[x_,y_]:=Exp[-100*Sum[(x[[i]]-y[[i]])^2,{i,1,Length[x]}]];
b=0.0913797;
alphay={0.615732065567397,0.898769814892218,0.0384593019825308,0.717552021076346,0.483859908982313,0.718474658305048,0.190779404925501,2.58913967444653,0.595015588806845,1.23032834039477,10,6.20313866595959,0.0659260082140853,0.669800286768719,0.358860332984456,0.494294458485314,0.522670848435296,0.531022081942817,10,0.694108639373201,0.640239154182366,1.85049657921696,10,2.23037559100504,0.294705819874322,4.23133223375885,0.463474017316068,0.267113583279888,0.339711468624764,0.668643320411658,0.66411152937665,4.92571297959239,3.77105099311178,0.525529532262784,0.604191947994817,0.837440839378335,0.46192891587487,7.24553196016955,0.545650760382975,8.97543421921528,0.760036969987804,5.57702388814914,-0.171068713954027,-9.72956570293486,-10,-1.06336050117855,-0.720897393429636,-2.33378198670207,-0.620053570704237,-7.55650156612487,-0.386315498687592,-0.373272379783385,-5.04343895132041,-2.0207916174457,-0.930462548524596,-1.0158445164567,-0.55636488635554,-0.998703506387668,-3.15546695446724,-0.135609334200752,-0.627781320082378,-0.339854856362445,-0.318706693624818,-2.12331367079826,-0.227437761733822,-0.816830097772819,-10,-0.871692534441007,-3.12398716298693,-0.409086301628566,-5.46281841195241,-0.515205190049423,-0.987593218511831,-0.283921223584097,-6.76614964107091,-0.565556558914895,-9.28745522907976,-1.60488222470711,-0.0153818150942487,-1.44510432948482,-0.893410534170903};
xlist={{0.525915,0.14007},{1.08883,1.01915},{0.709455,0.36865},{0.78708,1.00321},{0.681286,0.831526},{1.05778,0.561713},{0.677085,0.656024},{0.76639,0.259949},{0.809733,0.880612},{0.697481,0.514252},{0.0758233,0.6928},{0.672776,0.0440289},{0.548464,0.877153},{0.979303,0.845029},{0.599463,0.841292},{0.931216,0.473004},{0.643949,0.956236},{0.45031,0.99531},{0.662618,0.149151},{1.08588,0.00347531},{0.798443,0.633239},{0.43511,0.674663},{0.349768,0.640682},{0.279143,0.915875},{0.447129,0.845902},{0.557603,0.113056},{0.830451,0.460743},{0.45775,0.852791},{0.530819,0.965572},{1.09611,0.109935},{0.62605,0.641837},{0.409476,0.32463},{0.260724,0.677348},{0.955933,0.615135},{0.939619,0.339713},{0.312414,1.07403},{0.953689,0.223568},{0.806687,0.135085},{0.926007,0.757767},{0.572752,0.518822},{0.613526,-0.0568415},{0.568974,0.44456},{0.0848653,-0.00853323},{0.764904,0.160035},{0.651305,0.0858687},{0.159249,1.05124},{-0.00601104,0.832049},{0.442034,0.227804},{0.321754,0.247614},{0.0557913,0.693783},{0.168483,0.449866},{0.109356,0.203229},{0.516824,0.435696},{0.514284,-0.00197367},{0.536825,0.324838},{0.309902,0.323016},{0.0506605,0.374932},{-0.110507,0.930729},{0.102892,0.705553},{0.0443197,0.405143},{0.0451912,0.503292},{0.144638,0.283194},{0.212556,0.219576},{0.208735,0.903645},{0.151786,0.351815},{0.108564,0.597168},{0.587622,0.513772},{0.100114,-0.0917218},{0.38608,0.383324},{0.334011,0.160909},{0.289282,0.618659},{0.128658,0.0221405},{-0.0913975,0.0988509},{0.221246,0.444439},{0.613725,0.177919},{0.121374,0.122624},{0.375895,0.623272},{0.220914,0.763926},{0.185522,0.348112},{0.18171,0.680757},{-0.0420854,0.241917}};
