k[x_,y_]:=(0.5*Sum[x[[i]]*y[[i]],{i,1,Length[x]}]+0)^3;
b=-6.71788;
alphay={4386.63480348851,-4386.63480348851};
xlist={{0.615029,0.244017},{0.558874,0.279042}};
