k[x_,y_]:=Exp[-100*Sum[(x[[i]]-y[[i]])^2,{i,1,Length[x]}]];
b=0.11767;
alphay={1,0.470357571009912,0.180951243478447,0.550821633850384,0.183402149838786,0.397685813358787,0.390974584300872,0.61568791465235,0.387173942815492,1,0.210918187259499,0.0389881808294007,0.169591310157323,0.667905453893894,0.414555617397712,0.313196506322276,0.0414235207472028,0.442225890431094,0.547048076136169,0.351838851871818,1,0.321426622241622,1,0.220020927033857,0.284663462106781,0.966218805324677,0.10470679955596,0.536727242356892,1,0.469821361581425,0.541890085880371,1,1,0.625435437979952,0.619647363376549,0.886310946229547,0.396795106569119,0.186344400703698,0.822806281708764,0.265959991209581,0.871032900423941,0.118383138404018,0.309687828263053,0.290131729687141,1,0.0421850837900189,0.477689830340985,-0.292429055680386,-1,-1,-1,-0.611325108834371,-0.139647053932536,-0.389500689109648,-0.505088214738769,-1,-0.655898550453507,-0.529414312614178,-0.531953101552348,-0.725551899672553,-0.17769395477758,-0.331288411433297,-1,-0.330205298336198,-0.285039804679363,-0.867797530634651,-0.633049055104325,-0.216142012289874,-1,-1,-0.0444105526920186,-0.144492159869076,-0.785527646980983,-0.354893464573079,-0.931292101651417,-0.60895499829669,-0.543364230031515,-1,-0.0669366692470565,-0.216938896612669,-0.763501953406963,-1,-0.921336394760158,-1,-0.827788183348461,-0.301170487805699};
xlist={{0.615029,0.244017},{0.942673,0.819079},{0.664909,0.338568},{0.686523,0.9698},{0.658432,0.4697},{0.94772,0.454935},{0.694649,0.181058},{0.797859,0.94316},{0.663343,0.604443},{0.231718,0.644936},{0.751629,0.112316},{0.697316,0.835238},{0.889815,0.828826},{0.463931,0.695326},{0.598622,0.896909},{0.754384,0.809445},{0.68,0.238578},{0.949337,0.0754975},{0.664732,0.745909},{0.74815,0.543271},{0.166478,0.858221},{0.596844,0.595744},{0.530382,0.426306},{0.744069,0.779832},{0.515202,0.953962},{0.37619,0.777682},{0.791001,0.120888},{0.867626,0.356872},{0.644914,0.103336},{0.491467,0.926291},{1.015,0.140361},{0.573259,0.331983},{0.433805,0.566797},{0.890372,0.5435},{0.969995,0.289192},{0.1609,0.955692},{0.75158,0.463137},{0.811133,-0.00302153},{1.09537,0.45207},{0.910408,0.173274},{0.748653,-0.025112},{0.831178,0.434248},{0.841892,0.115642},{0.937847,0.854398},{0.506909,0.473884},{0.504592,0.610969},{0.183935,0.898895},{0.148163,0.110743},{0.584211,0.155505},{0.244022,0.746862},{0.0777976,0.915628},{0.495526,0.00340735},{0.114946,0.572078},{0.172835,0.441088},{0.553436,0.165372},{0.468442,0.429454},{0.433123,0.039382},{0.229979,0.169362},{0.210732,0.324506},{0.00624402,0.960052},{0.0536251,0.634393},{0.110845,0.463589},{0.368052,0.615235},{0.248815,0.236933},{0.46197,0.27403},{0.0161625,0.724274},{0.0724119,0.367801},{0.195478,0.753886},{0.176443,0.612608},{0.454464,0.47066},{0.155187,0.186369},{0.085181,0.690017},{0.376921,0.20149},{0.320178,0.49722},{0.170048,0.0223303},{0.449198,0.347581},{0.294036,0.408095},{0.649053,0.0414168},{0.124256,0.272589},{0.2897,0.531043},{0.0560682,0.196433},{0.558874,0.279042},{-0.00679591,0.534034},{0.158846,0.831678},{0.285669,0.637481},{0.0601151,0.272593}};
