k[x_,y_]:=Exp[-100*Sum[(x[[i]]-y[[i]])^2,{i,1,Length[x]}]];
b=0.0725876;
alphay={4.2326753675488,0.493075381526846,0.578199062284292,0.423073322346596,0.645995038899448,0.618144051158152,10,0.0405013345948027,0.176355525763947,0.465137252473183,0.43686967196428,0.343469249223128,0.443316677197753,0.573758882849497,0.311181102077342,10,0.0266025503679175,0.215854858037981,0.318789630379495,1.28408290639224,0.582124994393251,5.58416953139828,0.469206396137877,0.586210484682029,3.66692424421557,1.95511614487528,0.664462265282976,0.654961152277683,0.544002042924193,0.864548888954268,0.226832369873773,1.63225923400487,0.0711008173843597,0.527332288738326,0.307648979300247,3.96284648922974,-0.279830514852645,-3.89272384243158,-1.84168675724786,-1.7321646514399,-0.296301872483598,-0.127323657821418,-0.315877090281586,-0.942349465849866,-0.747829602985508,-0.509380299357499,-0.537660792642165,-0.311168760691817,-0.194823839428215,-0.11986412179632,-0.308890336680083,-0.30819793564663,-0.716036717811319,-0.480853705578457,-5.52648147653099,-4.05164207390336,-0.0462030024943075,-0.75876049378131,-0.894070568694685,-0.474222739084116,-4.59494864373527,-0.0540439560656144,-0.720607332075927,-5.8044021865273,-0.90547101118932,-9.5391796581736,-6.57047580034499,-0.32335528113117};
xlist={{0.615029,0.244017},{0.942673,0.819079},{0.686523,0.9698},{0.94772,0.454935},{0.797859,0.94316},{0.663343,0.604443},{0.231718,0.644936},{0.697316,0.835238},{0.889815,0.828826},{0.463931,0.695326},{0.598622,0.896909},{0.754384,0.809445},{0.949337,0.0754975},{0.664732,0.745909},{0.74815,0.543271},{0.166478,0.858221},{0.596844,0.595744},{0.744069,0.779832},{0.515202,0.953962},{0.37619,0.777682},{0.867626,0.356872},{0.644914,0.103336},{0.491467,0.926291},{1.015,0.140361},{0.573259,0.331983},{0.433805,0.566797},{0.890372,0.5435},{0.969995,0.289192},{0.75158,0.463137},{1.09537,0.45207},{0.910408,0.173274},{0.748653,-0.025112},{0.831178,0.434248},{0.841892,0.115642},{0.937847,0.854398},{0.506909,0.473884},{0.148163,0.110743},{0.584211,0.155505},{0.244022,0.746862},{0.0777976,0.915628},{0.495526,0.00340735},{0.406026,0.334209},{0.172835,0.441088},{0.468442,0.429454},{0.433123,0.039382},{0.229979,0.169362},{0.210732,0.324506},{0.00624402,0.960052},{0.285905,0.478558},{0.368052,0.615235},{0.0877812,0.41837},{0.248815,0.236933},{0.0161625,0.724274},{0.0724119,0.367801},{0.176443,0.612608},{0.454464,0.47066},{0.155187,0.186369},{0.376921,0.20149},{0.170048,0.0223303},{0.294036,0.408095},{0.649053,0.0414168},{0.124256,0.272589},{0.0560682,0.196433},{0.558874,0.279042},{-0.00679591,0.534034},{0.158846,0.831678},{0.285669,0.637481},{0.0601151,0.272593}};
