k[x_,y_]:=Exp[-1*Sum[(x[[i]]-y[[i]])^2,{i,1,Length[x]}]];
b=-28.8942;
alphay={-7130.93374057183,-1305.07763425572,-1198.94833204563,148.197519135928,316.735497952315,1302.70771519448,7867.31897459046};
xlist={{0.615029,0.244017},{0.231718,0.644936},{0.644914,0.103336},{0.0777976,0.915628},{0.00624402,0.960052},{0.649053,0.0414168},{0.558874,0.279042}};
