k[x_,y_]:=Exp[-10*Sum[(x[[i]]-y[[i]])^2,{i,1,Length[x]}]];
b=1.28749;
alphay={436.4397605143,354.560911206607,35.5868590620049,121.177740445493,341.224956932868,20.3290533816267,-106.971115888657,-19.3084559208596,-0.226690460132509,-436.4397605143,-157.989364266698,-87.3586310904999,-120.62660683854,-26.7987942361103,-353.599862327103};
xlist={{0.231718,0.644936},{0.166478,0.858221},{0.37619,0.777682},{0.644914,0.103336},{0.433805,0.566797},{0.748653,-0.025112},{0.244022,0.746862},{0.0777976,0.915628},{0.110845,0.463589},{0.368052,0.615235},{0.176443,0.612608},{0.454464,0.47066},{0.649053,0.0414168},{0.558874,0.279042},{0.158846,0.831678}};
