k[x_,y_]:=Exp[-1*Sum[(x[[i]]-y[[i]])^2,{i,1,Length[x]}]];
b=0.932171;
alphay={11.3964738988346,0.393621376069292,11.3964738988346,11.3964738988346,11.3964738988346,11.3964738988346,11.3964738988346,11.3964738988346,11.3964738988346,11.3964738988346,11.0028525227653,11.3964738988346,11.3964738988346,-11.3964738988346,-11.3964738988346,-11.3964738988346,-11.3964738988346,-11.3964738988346,-3.62427441240977,-11.3964738988346,-11.3964738988346,-5.17007670543132,-2.60212278099354,-11.3964738988346,-11.3964738988346,-11.3964738988346,-11.3964738988346};
xlist={{0.615029,0.244017},{0.694649,0.181058},{0.231718,0.644936},{0.166478,0.858221},{0.530382,0.426306},{0.37619,0.777682},{0.644914,0.103336},{0.573259,0.331983},{0.433805,0.566797},{0.1609,0.955692},{0.748653,-0.025112},{0.506909,0.473884},{0.183935,0.898895},{0.584211,0.155505},{0.244022,0.746862},{0.0777976,0.915628},{0.553436,0.165372},{0.468442,0.429454},{0.00624402,0.960052},{0.368052,0.615235},{0.454464,0.47066},{0.321501,0.589063},{0.449198,0.347581},{0.649053,0.0414168},{0.558874,0.279042},{0.22073,0.745878},{0.158846,0.831678}};
