k[x_,y_]:=Exp[-10*Sum[(x[[i]]-y[[i]])^2,{i,1,Length[x]}]];
b=1.08835;
alphay={1000,455.331948794855,85.4542925680965,93.176965377129,410.221735331043,16.8592945098565,-298.265583275145,-32.9882796975566,-514.600364738694,-370.293436691398,-109.601088519899,-95.1015521028011,-15.6241839538672,-407.960143305071,-216.609604296546};
xlist={{0.231718,0.644936},{0.166478,0.858221},{0.37619,0.777682},{0.644914,0.103336},{0.433805,0.566797},{0.748653,-0.025112},{0.244022,0.746862},{0.0777976,0.915628},{0.368052,0.615235},{0.176443,0.612608},{0.454464,0.47066},{0.649053,0.0414168},{0.558874,0.279042},{0.158846,0.831678},{0.285669,0.637481}};
