k[x_,y_]:=Exp[-10*Sum[(x[[i]]-y[[i]])^2,{i,1,Length[x]}]];
b=0.154845;
alphay={0.218123867481327,0.218123867481327,0.218123867481327,0.218123867481327,0.218123867481327,0.218123867481327,0.151153028563796,0.218123867481327,0.195772722980629,0.218123867481327,0.0299659548079669,0.218123867481327,0.218123867481327,0.218123867481327,0.218123867481327,0.218123867481327,0.218123867481327,0.218123867481327,0.218123867481327,0.218123867481327,0.0685024458552191,0.218123867481327,0.218123867481327,0.218123867481327,0.218123867481327,0.218123867481327,0.218123867481327,0.218123867481327,0.218123867481327,0.20897745023637,0.218123867481327,0.218123867481327,-0.218123867481327,-0.218123867481327,-0.218123867481327,-0.218123867481327,-0.218123867481327,-0.218123867481327,-0.218123867481327,-0.218123867481327,-0.218123867481327,-0.218123867481327,-0.218123867481327,-0.218123867481327,-0.218123867481327,-0.218123867481327,-0.218123867481327,-0.218123867481327,-0.218123867481327,-0.0273822750404864,-0.218123867481327,-0.218123867481327,-0.218123867481327,-0.13113345736825,-0.218123867481327,-0.218123867481327,-0.218123867481327,-0.218123867481327,-0.218123867481327,-0.218123867481327,-0.218123867481327,-0.218123867481327,-0.218123867481327,-0.05960813507259};
xlist={{0.615029,0.244017},{0.593561,0.550529},{0.942673,0.819079},{0.664909,0.338568},{0.576474,0.567064},{0.694649,0.181058},{0.797859,0.94316},{0.231718,0.644936},{0.751629,0.112316},{0.623378,0.45614},{0.531476,0.919301},{0.463931,0.695326},{0.68,0.238578},{0.166478,0.858221},{0.530382,0.426306},{0.515202,0.953962},{0.37619,0.777682},{0.644914,0.103336},{0.491467,0.926291},{1.015,0.140361},{0.594445,0.57848},{0.573259,0.331983},{0.433805,0.566797},{0.1609,0.955692},{0.811133,-0.00302153},{1.09537,0.45207},{0.748653,-0.025112},{0.937847,0.854398},{0.506909,0.473884},{0.737188,0.151297},{0.504592,0.610969},{0.183935,0.898895},{0.584211,0.155505},{0.433616,0.264786},{0.244022,0.746862},{0.0777976,0.915628},{0.495526,0.00340735},{0.406026,0.334209},{0.553436,0.165372},{0.468442,0.429454},{0.433123,0.039382},{0.355054,0.464659},{0.373653,0.429594},{0.00624402,0.960052},{0.368052,0.615235},{0.46197,0.27403},{0.0161625,0.724274},{0.195478,0.753886},{0.454464,0.47066},{0.085181,0.690017},{0.453336,0.0762299},{0.321501,0.589063},{0.170048,0.0223303},{0.0877114,0.185927},{0.449198,0.347581},{0.649053,0.0414168},{0.0560682,0.196433},{0.558874,0.279042},{0.297034,0.611751},{-0.00679591,0.534034},{0.22073,0.745878},{0.158846,0.831678},{0.285669,0.637481},{0.0601151,0.272593}};
