k[x_,y_]:=Sum[x[[i]]*y[[i]],{i,1,Length[x]}];
b=-14.9125;
alphay={1000,1000,1000,1000,342.650831357343,1000,1000,1000,-593.909857566201,-1000,-1000,-1000,-1000,-1000,-1000,-748.740973791142};
xlist={{0.615029,0.244017},{0.231718,0.644936},{0.166478,0.858221},{0.644914,0.103336},{0.573259,0.331983},{0.1609,0.955692},{0.748653,-0.025112},{0.183935,0.898895},{0.584211,0.155505},{0.244022,0.746862},{0.468442,0.429454},{0.368052,0.615235},{0.454464,0.47066},{0.321501,0.589063},{0.558874,0.279042},{0.22073,0.745878}};
