k[x_,y_]:=Exp[-100*Sum[(x[[i]]-y[[i]])^2,{i,1,Length[x]}]];
b=0.0912816;
alphay={2.82862857364085,0.484780689159335,0.566936331640931,0.0841784838874669,0.411821905011395,0.633509849947945,0.586495687555411,2.89598854384015,0.0168903774126106,0.0414202729185574,0.172902888417032,0.662694437909771,0.427061825896228,0.335137500739428,0.479567045452151,0.560006809269815,0.304326766634616,2.89598854384015,0.0482478493119086,0.488093710298697,0.212326447295296,0.307878894735554,1.10729426880974,0.370693409320006,0.566778229525236,2.89598854384015,0.467236463808535,0.551910711382112,1.94832762523429,2.4505165571816,0.650282471848018,0.635864797844106,1.02343779990863,0.502929234462545,0.847258120707763,0.274715966933722,1.35881747066701,0.0852271759192939,0.232987966930862,0.299341544009123,2.89598854384015,0.141382189093586,-0.284373978867511,-2.73004989829664,-0.0767211672642085,-1.37440133938451,-1.53507654797659,-0.416747158380721,-0.207324892444563,-0.325583662017075,-1.42250698528507,-0.720360647387189,-0.519905927261899,-0.562093550685536,-0.455058709395177,-0.109413801694169,-0.310982097731469,-0.422444832381786,-1.98561089249326,-0.304316740393299,-0.885930446693883,-0.632193778656859,-2.26013625218555,-2.89598854384015,-0.0487129364157998,-0.788063589938025,-0.909322021580981,-0.370152370167022,-2.89598854384015,-0.0490801485905652,-0.00239214225227637,-0.746159180147798,-2.89598854384015,-0.927633709590901,-2.89598854384015,-1.48883115579267,-0.296327789368165};
xlist={{0.615029,0.244017},{0.942673,0.819079},{0.686523,0.9698},{0.658432,0.4697},{0.94772,0.454935},{0.797859,0.94316},{0.663343,0.604443},{0.231718,0.644936},{0.751629,0.112316},{0.697316,0.835238},{0.889815,0.828826},{0.463931,0.695326},{0.598622,0.896909},{0.754384,0.809445},{0.949337,0.0754975},{0.664732,0.745909},{0.74815,0.543271},{0.166478,0.858221},{0.596844,0.595744},{0.530382,0.426306},{0.744069,0.779832},{0.515202,0.953962},{0.37619,0.777682},{0.791001,0.120888},{0.867626,0.356872},{0.644914,0.103336},{0.491467,0.926291},{1.015,0.140361},{0.573259,0.331983},{0.433805,0.566797},{0.890372,0.5435},{0.969995,0.289192},{0.1609,0.955692},{0.75158,0.463137},{1.09537,0.45207},{0.910408,0.173274},{0.748653,-0.025112},{0.831178,0.434248},{0.841892,0.115642},{0.937847,0.854398},{0.506909,0.473884},{0.183935,0.898895},{0.148163,0.110743},{0.584211,0.155505},{0.433616,0.264786},{0.244022,0.746862},{0.0777976,0.915628},{0.495526,0.00340735},{0.406026,0.334209},{0.172835,0.441088},{0.468442,0.429454},{0.433123,0.039382},{0.229979,0.169362},{0.210732,0.324506},{0.00624402,0.960052},{0.0536251,0.634393},{0.110845,0.463589},{0.285905,0.478558},{0.368052,0.615235},{0.248815,0.236933},{0.0161625,0.724274},{0.0724119,0.367801},{0.176443,0.612608},{0.454464,0.47066},{0.155187,0.186369},{0.376921,0.20149},{0.170048,0.0223303},{0.294036,0.408095},{0.649053,0.0414168},{0.124256,0.272589},{0.2897,0.531043},{0.0560682,0.196433},{0.558874,0.279042},{-0.00679591,0.534034},{0.158846,0.831678},{0.285669,0.637481},{0.0601151,0.272593}};
