k[x_,y_]:=Exp[-0.01*Sum[(x[[i]]-y[[i]])^2,{i,1,Length[x]}]];
b=63.5826;
alphay={11635.1829762518,1504.64848467114,2536.03480964481,7931.05149437636,11298.6311638113,-11635.1829762518,-11635.1829762518,-11635.1829762518};
xlist={{0.615029,0.244017},{0.593561,0.550529},{0.166478,0.858221},{0.1609,0.955692},{0.748653,-0.025112},{0.584211,0.155505},{0.468442,0.429454},{0.454464,0.47066}};
