k[x_,y_]:=Exp[-0.1*Sum[(x[[i]]-y[[i]])^2,{i,1,Length[x]}]];
b=189.849;
alphay={33490.7889603347,864.021136979916,32516.7199101612,21632.2798653593,2712.61330399454,9255.94370417449,-29084.5657022043,-8095.67595897637,-23273.5190038013,-7220.50693773339,-32798.0992782888};
xlist={{0.615029,0.244017},{0.593561,0.550529},{0.231718,0.644936},{0.644914,0.103336},{0.573259,0.331983},{0.748653,-0.025112},{0.584211,0.155505},{0.00624402,0.960052},{0.454464,0.47066},{0.649053,0.0414168},{0.558874,0.279042}};
