k[x_,y_]:=Exp[-0.01*Sum[(x[[i]]-y[[i]])^2,{i,1,Length[x]}]];
b=0.138696;
alphay={10,10,10,10,10,10,10,10,10,10,10,10,10,10,10,10,10,0.040455689618339,10,10,10,10,10,10,10,10,10,10,10,10,10,10,10,10,10,10,10,10,10,10,10,10,10,10,10,10,-10,-10,-10,-10,-10,-10,-10,-10,-10,-10,-10,-10,-10,-10,-10,-10,-10,-10,-10,-10,-10,-10,-10,-10,-10,-10,-0.040455689618339,-10,-10,-10,-10,-10,-10,-10,-10,-10,-10,-10,-10,-10,-10,-10,-10,-10,-10,-10};
xlist={{0.615029,0.244017},{0.593561,0.550529},{0.664909,0.338568},{0.658432,0.4697},{0.576474,0.567064},{0.694649,0.181058},{0.655016,0.52511},{0.663343,0.604443},{0.231718,0.644936},{0.751629,0.112316},{0.697316,0.835238},{0.623378,0.45614},{0.531476,0.919301},{0.463931,0.695326},{0.598622,0.896909},{0.556306,0.931088},{0.68,0.238578},{0.949337,0.0754975},{0.664732,0.745909},{0.74815,0.543271},{0.166478,0.858221},{0.596844,0.595744},{0.530382,0.426306},{0.515202,0.953962},{0.37619,0.777682},{0.791001,0.120888},{0.644914,0.103336},{0.491467,0.926291},{0.615056,0.926993},{0.556758,0.900343},{0.594445,0.57848},{0.573259,0.331983},{0.433805,0.566797},{0.1609,0.955692},{0.75158,0.463137},{0.811133,-0.00302153},{0.910408,0.173274},{0.672017,0.790385},{0.748653,-0.025112},{0.831178,0.434248},{0.841892,0.115642},{0.506909,0.473884},{0.712863,0.539319},{0.737188,0.151297},{0.504592,0.610969},{0.183935,0.898895},{0.584211,0.155505},{0.433616,0.264786},{0.244022,0.746862},{0.0777976,0.915628},{0.495526,0.00340735},{0.114946,0.572078},{0.15814,0.367966},{0.406026,0.334209},{0.113091,0.575801},{0.172835,0.441088},{0.0981946,0.613523},{0.553436,0.165372},{0.468442,0.429454},{0.433123,0.039382},{0.229979,0.169362},{0.344985,0.426546},{0.355054,0.464659},{0.210732,0.324506},{0.373653,0.429594},{0.00624402,0.960052},{0.0536251,0.634393},{0.110845,0.463589},{0.285905,0.478558},{0.368052,0.615235},{0.248815,0.236933},{0.46197,0.27403},{0.0161625,0.724274},{0.195478,0.753886},{0.176443,0.612608},{0.146566,0.438564},{0.454464,0.47066},{0.085181,0.690017},{0.376921,0.20149},{0.453336,0.0762299},{0.320178,0.49722},{0.321501,0.589063},{0.449198,0.347581},{0.294036,0.408095},{0.649053,0.0414168},{0.2897,0.531043},{0.558874,0.279042},{0.297034,0.611751},{0.22073,0.745878},{0.221766,0.238969},{0.158846,0.831678},{0.285669,0.637481}};
