k[x_,y_]:=Exp[-0.01*Sum[(x[[i]]-y[[i]])^2,{i,1,Length[x]}]];
b=10.0511;
alphay={1260.87599579137,1260.87599579137,1260.87599579137,1260.87599579137,1260.87599579137,1260.87599579137,1260.87599579137,1260.87599579137,1260.87599579137,1260.87599579137,1260.87599579137,1260.87599579137,-1260.87599579137,-1260.87599579137,-1260.87599579137,-1260.87599579137,-1260.87599579137,-1260.87599579137,-1260.87599579137,-1260.87599579137,-1260.87599579137,-1260.87599579137,-1260.87599579137,-1260.87599579137};
xlist={{0.615029,0.244017},{0.694649,0.181058},{0.231718,0.644936},{0.166478,0.858221},{0.530382,0.426306},{0.644914,0.103336},{0.573259,0.331983},{0.433805,0.566797},{0.1609,0.955692},{0.748653,-0.025112},{0.506909,0.473884},{0.183935,0.898895},{0.584211,0.155505},{0.244022,0.746862},{0.406026,0.334209},{0.468442,0.429454},{0.368052,0.615235},{0.46197,0.27403},{0.454464,0.47066},{0.320178,0.49722},{0.649053,0.0414168},{0.558874,0.279042},{0.158846,0.831678},{0.285669,0.637481}};
