k[x_,y_]:=Exp[-10*Sum[(x[[i]]-y[[i]])^2,{i,1,Length[x]}]];
b=0.294889;
alphay={3.21980191576522,0.454340909675204,3.21980191576522,3.21980191576522,3.21980191576522,2.97842613757436,3.21980191576522,3.21980191576522,3.21980191576522,3.21980191576522,0.247969247613932,2.36254507781998,0.396322458846976,3.21980191576522,3.21980191576522,-3.21980191576522,-3.21980191576522,-3.21980191576522,-1.86695003571902,-3.21980191576522,-1.73759108396125,-3.21980191576522,-3.21980191576522,-0.695863192781561,-1.57149872640336,-3.21980191576522,-0.567700792665246,-3.21980191576522,-3.21980191576522,-3.21980191576522};
xlist={{0.615029,0.244017},{0.694649,0.181058},{0.231718,0.644936},{0.166478,0.858221},{0.530382,0.426306},{0.37619,0.777682},{0.644914,0.103336},{0.573259,0.331983},{0.433805,0.566797},{0.1609,0.955692},{1.09537,0.45207},{0.748653,-0.025112},{0.937847,0.854398},{0.506909,0.473884},{0.183935,0.898895},{0.584211,0.155505},{0.244022,0.746862},{0.0777976,0.915628},{0.553436,0.165372},{0.468442,0.429454},{0.00624402,0.960052},{0.368052,0.615235},{0.454464,0.47066},{0.321501,0.589063},{0.449198,0.347581},{0.649053,0.0414168},{0.0560682,0.196433},{0.558874,0.279042},{0.22073,0.745878},{0.158846,0.831678}};
