k[x_,y_]:=Exp[-1*Sum[(x[[i]]-y[[i]])^2,{i,1,Length[x]}]];
b=4.46721;
alphay={1000,1000,1000,642.135152960012,1000,374.57159227282,-1000,-521.10370554012,-1000,-413.556811251237,-634.815216538407,-1000,-447.231011903068};
xlist={{0.231718,0.644936},{0.166478,0.858221},{0.644914,0.103336},{0.573259,0.331983},{0.433805,0.566797},{0.183935,0.898895},{0.244022,0.746862},{0.0777976,0.915628},{0.368052,0.615235},{0.454464,0.47066},{0.649053,0.0414168},{0.558874,0.279042},{0.158846,0.831678}};
