k[x_,y_]:=Sum[x[[i]]*y[[i]],{i,1,Length[x]}];
b=-6.31194;
alphay={10,10,10,5.9465995169819,10,10,10,10,10,10,10,10,10,10,3.88269340930622,10,-10,-10,-10,-10,-9.82929292628812,-10,-10,-10,-10,-10,-10,-10,-10,-10,-10};
xlist={{0.615029,0.244017},{0.694649,0.181058},{0.231718,0.644936},{0.751629,0.112316},{0.68,0.238578},{0.166478,0.858221},{0.530382,0.426306},{0.37619,0.777682},{0.644914,0.103336},{0.573259,0.331983},{0.433805,0.566797},{0.1609,0.955692},{0.748653,-0.025112},{0.506909,0.473884},{0.504592,0.610969},{0.183935,0.898895},{0.584211,0.155505},{0.244022,0.746862},{0.553436,0.165372},{0.468442,0.429454},{0.373653,0.429594},{0.368052,0.615235},{0.46197,0.27403},{0.454464,0.47066},{0.321501,0.589063},{0.449198,0.347581},{0.649053,0.0414168},{0.558874,0.279042},{0.297034,0.611751},{0.22073,0.745878},{0.285669,0.637481}};
