k[x_,y_]:=Exp[-10*Sum[(x[[i]]-y[[i]])^2,{i,1,Length[x]}]];
b=-1.23262;
alphay={355.835097828101,152.437925830406,54.7407397960012,53.2514426660535,244.123593736765,106.652824344714,91.6873406913424,13.9240703639704,-140.119023484115,-29.0437600468794,-11.3264071531305,-207.560322598938,-21.2396830955971,-119.084631511469,-30.7632943635162,-193.396169245154,-204.736176788128,-36.9046786992001,-78.4788882712272};
xlist={{0.231718,0.644936},{0.166478,0.858221},{0.530382,0.426306},{0.37619,0.777682},{0.644914,0.103336},{0.573259,0.331983},{0.433805,0.566797},{0.748653,-0.025112},{0.244022,0.746862},{0.0777976,0.915628},{0.113091,0.575801},{0.368052,0.615235},{0.195478,0.753886},{0.176443,0.612608},{0.454464,0.47066},{0.649053,0.0414168},{0.558874,0.279042},{0.22073,0.745878},{0.158846,0.831678}};
