k[x_,y_]:=Exp[-10*Sum[(x[[i]]-y[[i]])^2,{i,1,Length[x]}]];
b=0.418754;
alphay={119.721061917863,10.0945030417201,4.09546496636484,5.95647676955685,10.1838298401542,8.65012204119678,-11.8365338984817,-11.9043734152259,-5.69093979771718,-27.6635810361508,-101.60603042928};
xlist={{0.615029,0.244017},{0.231718,0.644936},{0.166478,0.858221},{0.530382,0.426306},{0.433805,0.566797},{0.748653,-0.025112},{0.584211,0.155505},{0.244022,0.746862},{0.368052,0.615235},{0.649053,0.0414168},{0.558874,0.279042}};
