k[x_,y_]:=(0.5*Sum[x[[i]]*y[[i]],{i,1,Length[x]}]+0)^3;
b=-18.7881;
alphay={15095.8615638473,15095.8615638473,3469.05604722892,3057.77831801034,2012.27791091308,67.2948842010313,6489.4544034939,-5983.38250999755,-2490.95590796709,-1817.46821084864,-15095.8615638473,-3379.83173857389,-15095.8615638473,-1424.22319646011};
xlist={{0.615029,0.244017},{0.231718,0.644936},{0.530382,0.426306},{0.644914,0.103336},{0.573259,0.331983},{0.748653,-0.025112},{0.506909,0.473884},{0.584211,0.155505},{0.244022,0.746862},{0.0777976,0.915628},{0.468442,0.429454},{0.454464,0.47066},{0.558874,0.279042},{0.158846,0.831678}};
