k[x_,y_]:=Exp[-0.1*Sum[(x[[i]]-y[[i]])^2,{i,1,Length[x]}]];
b=7.25547;
alphay={125.265111003436,99.2506913876569,125.265111003436,125.265111003436,125.265111003436,26.0144196157791,125.265111003436,125.265111003436,125.265111003436,125.265111003436,125.265111003436,125.265111003436,125.265111003436,-125.265111003436,-125.265111003436,-125.265111003436,-125.265111003436,-125.265111003436,-125.265111003436,-125.265111003436,-79.7471453568964,-125.265111003436,-125.265111003436,-125.265111003436,-125.265111003436,-45.5179656465396};
xlist={{0.615029,0.244017},{0.694649,0.181058},{0.231718,0.644936},{0.166478,0.858221},{0.530382,0.426306},{0.37619,0.777682},{0.644914,0.103336},{0.573259,0.331983},{0.433805,0.566797},{0.1609,0.955692},{0.748653,-0.025112},{0.506909,0.473884},{0.183935,0.898895},{0.584211,0.155505},{0.244022,0.746862},{0.553436,0.165372},{0.468442,0.429454},{0.368052,0.615235},{0.454464,0.47066},{0.321501,0.589063},{0.449198,0.347581},{0.649053,0.0414168},{0.558874,0.279042},{0.22073,0.745878},{0.158846,0.831678},{0.285669,0.637481}};
