k[x_,y_]:=Exp[-100*Sum[(x[[i]]-y[[i]])^2,{i,1,Length[x]}]];
b=0.0818583;
alphay={4.22628671762056,0.489824081437283,0.571706846615391,0.418403845117793,0.640007833591611,0.612625191622063,11.0812513353558,0.0407446967578868,0.17566665107403,0.456770775434619,0.432892590929653,0.338062785068337,0.439835460509212,0.567948406601736,0.308373089908207,14.6405078956001,0.0238518225506677,0.214498933476149,0.314781507797371,1.27235640285123,0.57632829810075,5.58157855881335,0.465096862868293,0.579930336138684,3.66064425618369,1.92506145041032,0.65790608165321,0.64843449637654,0.538108672317038,0.855621462470109,0.224280948686409,1.62509917703778,0.0702995366874798,0.521481160404453,0.302422987833455,3.96291318576234,-0.282501319942906,-3.89665766782482,-1.72901895246117,-2.2921345947607,-0.301540377456602,-0.129821982244574,-0.303219147866452,-0.951318618341404,-0.753426989520586,-0.515009603117224,-0.5423147759196,-0.0925287341005341,-0.165592309175928,-0.314833624750971,-0.309246449366474,-0.618244448054094,-0.485192753949361,-6.03776025336906,-4.0465530020244,-0.0463014503933491,-0.766465319721068,-0.90142567802223,-0.499058336270972,-4.5992359969959,-0.0558117054611205,-0.726423888142525,-5.80324304017195,-0.907808153741961,-13.7507928017118,-7.31287299741366,-0.325249369370155};
xlist={{0.615029,0.244017},{0.942673,0.819079},{0.686523,0.9698},{0.94772,0.454935},{0.797859,0.94316},{0.663343,0.604443},{0.231718,0.644936},{0.697316,0.835238},{0.889815,0.828826},{0.463931,0.695326},{0.598622,0.896909},{0.754384,0.809445},{0.949337,0.0754975},{0.664732,0.745909},{0.74815,0.543271},{0.166478,0.858221},{0.596844,0.595744},{0.744069,0.779832},{0.515202,0.953962},{0.37619,0.777682},{0.867626,0.356872},{0.644914,0.103336},{0.491467,0.926291},{1.015,0.140361},{0.573259,0.331983},{0.433805,0.566797},{0.890372,0.5435},{0.969995,0.289192},{0.75158,0.463137},{1.09537,0.45207},{0.910408,0.173274},{0.748653,-0.025112},{0.831178,0.434248},{0.841892,0.115642},{0.937847,0.854398},{0.506909,0.473884},{0.148163,0.110743},{0.584211,0.155505},{0.244022,0.746862},{0.0777976,0.915628},{0.495526,0.00340735},{0.406026,0.334209},{0.172835,0.441088},{0.468442,0.429454},{0.433123,0.039382},{0.229979,0.169362},{0.210732,0.324506},{0.00624402,0.960052},{0.285905,0.478558},{0.0877812,0.41837},{0.248815,0.236933},{0.0161625,0.724274},{0.0724119,0.367801},{0.176443,0.612608},{0.454464,0.47066},{0.155187,0.186369},{0.376921,0.20149},{0.170048,0.0223303},{0.294036,0.408095},{0.649053,0.0414168},{0.124256,0.272589},{0.0560682,0.196433},{0.558874,0.279042},{-0.00679591,0.534034},{0.158846,0.831678},{0.285669,0.637481},{0.0601151,0.272593}};
