k[x_,y_]:=Exp[-0.01*Sum[(x[[i]]-y[[i]])^2,{i,1,Length[x]}]];
b=0;
alphay={424.718140853628,-424.718140853628};
xlist={{0.615029,0.244017},{0.148163,0.110743}};
