k[x_,y_]:=Sum[x[[i]]*y[[i]],{i,1,Length[x]}];
b=-12.6227;
alphay={100,100,100,33.4819407491601,100,100,100,100,100,100,-100,-100,-100,-100,-100,-100,-44.6604606985799,-100,-100,-88.8214800505802};
xlist={{0.615029,0.244017},{0.231718,0.644936},{0.166478,0.858221},{0.530382,0.426306},{0.644914,0.103336},{0.573259,0.331983},{0.433805,0.566797},{0.1609,0.955692},{0.748653,-0.025112},{0.183935,0.898895},{0.584211,0.155505},{0.244022,0.746862},{0.468442,0.429454},{0.368052,0.615235},{0.454464,0.47066},{0.321501,0.589063},{0.649053,0.0414168},{0.558874,0.279042},{0.22073,0.745878},{0.285669,0.637481}};
