k[x_,y_]:=Exp[-0.01*Sum[(x[[i]]-y[[i]])^2,{i,1,Length[x]}]];
b=0;
alphay={1709.86710150857,-1709.86710150857};
xlist={{0.615029,0.244017},{0.376921,0.20149}};
