k[x_,y_]:=Exp[-1*Sum[(x[[i]]-y[[i]])^2,{i,1,Length[x]}]];
b=-5.8128;
alphay={570.951483553021,-116.826764717841,-454.12471883518};
xlist={{0.615029,0.244017},{0.649053,0.0414168},{0.558874,0.279042}};
