k[x_,y_]:=Exp[-100*Sum[(x[[i]]-y[[i]])^2,{i,1,Length[x]}]];
b=0.0422544;
alphay={5.07492226300621,0.914997806357443,6.19339067595989,1.04087428878773,7.44812862331023,1.43424427029109,4.14055115290323,0.991880943851198,5.75680108932796,2.73529308498246,0.983932385035564,1.82710702699008,0.847438312791856,1.40462511093125,4.14149820638165,-1.1062469525501,-3.73360941279283,-2.01760601793075,-1.36789661025681,-1.75514736893796,-0.767099691320311,-0.559550722939881,-1.88709612430292,-1.05329549255575,-1.11149776030877,-3.25292843296814,-3.50415172620163,-3.70936690251091,-8.31678362113078,-0.89326863050161,-6.34960354417357,-3.5505362295251};
xlist={{0.615029,0.244017},{0.686523,0.9698},{0.231718,0.644936},{0.664732,0.745909},{0.166478,0.858221},{0.37619,0.777682},{0.644914,0.103336},{1.015,0.140361},{0.573259,0.331983},{0.433805,0.566797},{1.09537,0.45207},{0.748653,-0.025112},{0.831178,0.434248},{0.937847,0.854398},{0.506909,0.473884},{0.148163,0.110743},{0.584211,0.155505},{0.244022,0.746862},{0.0777976,0.915628},{0.468442,0.429454},{0.433123,0.039382},{0.00624402,0.960052},{0.368052,0.615235},{0.248815,0.236933},{0.0724119,0.367801},{0.176443,0.612608},{0.454464,0.47066},{0.649053,0.0414168},{0.558874,0.279042},{-0.00679591,0.534034},{0.158846,0.831678},{0.285669,0.637481}};
