k[x_,y_]:=Exp[-10*Sum[(x[[i]]-y[[i]])^2,{i,1,Length[x]}]];
b=0.36179;
alphay={10,10,10,5.48841360979371,2.67686090607441,10,5.0196490049279,10,3.26192785652978,3.94869187632817,0.197472207805609,10,10,-8.40125688209202,-10,-10,-10,-10,-10,-10,-0.349760217990364,-10,-1.84199836137719,-10};
xlist={{0.615029,0.244017},{0.231718,0.644936},{0.166478,0.858221},{0.530382,0.426306},{0.37619,0.777682},{0.644914,0.103336},{0.573259,0.331983},{0.433805,0.566797},{0.1609,0.955692},{0.748653,-0.025112},{0.937847,0.854398},{0.506909,0.473884},{0.183935,0.898895},{0.584211,0.155505},{0.244022,0.746862},{0.0777976,0.915628},{0.468442,0.429454},{0.368052,0.615235},{0.454464,0.47066},{0.649053,0.0414168},{0.0560682,0.196433},{0.558874,0.279042},{0.22073,0.745878},{0.158846,0.831678}};
