k[x_,y_]:=Exp[-100*Sum[(x[[i]]-y[[i]])^2,{i,1,Length[x]}]];
b=0.129507;
alphay={0.702172707592707,0.464572095654722,0.304465423815927,0.543661691365431,0.263697831678908,0.403698459279743,0.440800461196241,0.60759682919757,0.374750134405683,0.702172707592707,0.239929533133144,0.0380046129470961,0.167270741422668,0.656522540925346,0.409743961498092,0.308568617387088,0.126205455535237,0.429507487897289,0.539627584889398,0.356353835985072,0.702172707592707,0.303998202406966,0.702172707592707,0.218056094344326,0.26018232418828,0.702172707592707,0.0605855359617062,0.517998300659991,0.702172707592707,0.488587028814241,0.535980377209864,0.702172707592707,0.702172707592707,0.612300849223684,0.613489272326502,0.702172707592707,0.334615010065125,0.275777720679343,0.702172707592707,0.266612959932133,0.702172707592707,0.139746811965781,0.309130820287823,0.285704111229698,0.702172707592707,0.163669195146981,0.577696824011627,-0.440849093170805,-0.702172707592707,-0.702172707592707,-0.702172707592707,-0.641866279008493,-0.269585349172553,-0.380232768150792,-0.691564382475464,-0.702172707592707,-0.653187535011337,-0.518589915803553,-0.214112954112423,-0.533111027151701,-0.702172707592707,-0.25851967504544,-0.357200079716814,-0.702172707592707,-0.364791796662022,-0.321640495467022,-0.702172707592707,-0.626623329240577,-0.482011953361912,-0.702172707592707,-0.702172707592707,-0.198191571141383,-0.702172707592707,-0.11880179853722,-0.0721057077979701,-0.702172707592707,-0.659160387373479,-0.533508136302926,-0.702172707592707,-0.0761960457038102,-0.369949227626384,-0.702172707592707,-0.702172707592707,-0.702172707592707,-0.702172707592707,-0.702172707592707,-0.346445690671111};
xlist={{0.615029,0.244017},{0.942673,0.819079},{0.664909,0.338568},{0.686523,0.9698},{0.658432,0.4697},{0.94772,0.454935},{0.694649,0.181058},{0.797859,0.94316},{0.663343,0.604443},{0.231718,0.644936},{0.751629,0.112316},{0.697316,0.835238},{0.889815,0.828826},{0.463931,0.695326},{0.598622,0.896909},{0.754384,0.809445},{0.68,0.238578},{0.949337,0.0754975},{0.664732,0.745909},{0.74815,0.543271},{0.166478,0.858221},{0.596844,0.595744},{0.530382,0.426306},{0.744069,0.779832},{0.515202,0.953962},{0.37619,0.777682},{0.791001,0.120888},{0.867626,0.356872},{0.644914,0.103336},{0.491467,0.926291},{1.015,0.140361},{0.573259,0.331983},{0.433805,0.566797},{0.890372,0.5435},{0.969995,0.289192},{0.1609,0.955692},{0.75158,0.463137},{0.811133,-0.00302153},{1.09537,0.45207},{0.910408,0.173274},{0.748653,-0.025112},{0.831178,0.434248},{0.841892,0.115642},{0.937847,0.854398},{0.506909,0.473884},{0.504592,0.610969},{0.183935,0.898895},{0.148163,0.110743},{0.584211,0.155505},{0.244022,0.746862},{0.0777976,0.915628},{0.495526,0.00340735},{0.114946,0.572078},{0.172835,0.441088},{0.553436,0.165372},{0.468442,0.429454},{0.433123,0.039382},{0.229979,0.169362},{0.355054,0.464659},{0.210732,0.324506},{0.00624402,0.960052},{0.0536251,0.634393},{0.110845,0.463589},{0.368052,0.615235},{0.248815,0.236933},{0.46197,0.27403},{0.0161625,0.724274},{0.0724119,0.367801},{0.195478,0.753886},{0.176443,0.612608},{0.454464,0.47066},{0.085181,0.690017},{0.376921,0.20149},{0.320178,0.49722},{0.321501,0.589063},{0.170048,0.0223303},{0.449198,0.347581},{0.294036,0.408095},{0.649053,0.0414168},{0.124256,0.272589},{0.2897,0.531043},{0.0560682,0.196433},{0.558874,0.279042},{-0.00679591,0.534034},{0.158846,0.831678},{0.285669,0.637481},{0.0601151,0.272593}};
