k[x_,y_]:=Exp[-100*Sum[(x[[i]]-y[[i]])^2,{i,1,Length[x]}]];
b=0.0859378;
alphay={4.46219751367554,0.474293139079069,0.593146486429562,0.330302245454987,0.604360856927417,0.35657326305967,10.423215341746,0.144007096634743,0.452470844544161,0.415566165660361,0.598454207762602,0.448431353157406,0.642726544652329,13.6073575803008,0.317289582557571,1.23704552136172,0.380036158831081,5.75527448404293,0.426941464217911,0.531845420269589,3.74849801443724,2.01912766521188,0.667453977693477,0.687975202493159,0.296141338260107,0.912432841651742,0.192037006512989,1.70988118564479,0.384232641739693,0.554060231327644,0.316645887045621,4.21415472997105,0.563764327427197,-0.306525458757524,-4.05512285930201,-1.69335689638333,-2.11816280840732,-0.184359412081494,-0.433191464090931,-1.0096376871777,-0.834897510600894,-0.323583480534569,-0.351970553323439,-0.239492461177018,-0.16855984593557,-0.580211562173659,-0.707867958468524,-0.724403493376741,-5.72939867293753,-4.27411294399469,-0.758297055885606,-0.94017560728279,-0.629087516158756,-4.69827874092129,-0.123138358238859,-0.802852514929487,-6.06386246170425,-0.953829861921469,-12.7318660130843,-6.84672159397116,-0.184975526961227};
xlist={{0.615029,0.244017},{0.942673,0.819079},{0.686523,0.9698},{0.94772,0.454935},{0.797859,0.94316},{0.663343,0.604443},{0.231718,0.644936},{0.889815,0.828826},{0.463931,0.695326},{0.598622,0.896909},{0.754384,0.809445},{0.949337,0.0754975},{0.664732,0.745909},{0.166478,0.858221},{0.515202,0.953962},{0.37619,0.777682},{0.867626,0.356872},{0.644914,0.103336},{0.491467,0.926291},{1.015,0.140361},{0.573259,0.331983},{0.433805,0.566797},{0.890372,0.5435},{0.969995,0.289192},{0.75158,0.463137},{1.09537,0.45207},{0.910408,0.173274},{0.748653,-0.025112},{0.831178,0.434248},{0.841892,0.115642},{0.937847,0.854398},{0.506909,0.473884},{0.712863,0.539319},{0.148163,0.110743},{0.584211,0.155505},{0.244022,0.746862},{0.0777976,0.915628},{0.495526,0.00340735},{0.172835,0.441088},{0.468442,0.429454},{0.433123,0.039382},{0.229979,0.169362},{0.210732,0.324506},{0.00624402,0.960052},{0.368052,0.615235},{0.248815,0.236933},{0.0161625,0.724274},{0.0724119,0.367801},{0.176443,0.612608},{0.454464,0.47066},{0.376921,0.20149},{0.170048,0.0223303},{0.294036,0.408095},{0.649053,0.0414168},{0.124256,0.272589},{0.0560682,0.196433},{0.558874,0.279042},{-0.00679591,0.534034},{0.158846,0.831678},{0.285669,0.637481},{0.0601151,0.272593}};
