k[x_,y_]:=Exp[-0.1*Sum[(x[[i]]-y[[i]])^2,{i,1,Length[x]}]];
b=0;
alphay={2283.54648155736,-2283.54648155736};
xlist={{0.615029,0.244017},{0.558874,0.279042}};
