k[x_,y_]:=Exp[-100*Sum[(x[[i]]-y[[i]])^2,{i,1,Length[x]}]];
b=0.0822296;
alphay={4.24730745650988,0.477361387538753,0.567883761181172,0.417944655575085,0.639095529400254,0.616818590896737,11.0177417754637,0.0196302920015967,0.170273039854302,0.466278532863032,0.444251457383691,0.378120077606668,0.446141963239349,0.575744387564323,0.308538002990204,14.5547671005936,0.0140621860241316,0.184158215390071,0.304022376417115,1.26500418184044,0.570713323937397,5.62107673005298,0.474157329373224,0.575158114588514,3.68049201121565,1.91476671973193,0.653932376461771,0.643559872042792,0.532943205445276,0.85525002185987,0.217734568493124,1.63027929799358,0.079313589343509,0.529528223649235,0.318978551150266,3.97371456518441,-0.299635577928795,-3.91527701619843,-1.72388317207068,-2.27700706166335,-0.29885014825917,-0.123299073438137,-0.319604218082352,-0.975202592508676,-0.752079522922129,-0.502076341128328,-0.522657774283056,-0.105175387065027,-0.155974015349292,-0.268670228219643,-0.33396140205752,-0.619223489304034,-0.536183264117436,-6.00872623204355,-4.03581036382072,-0.0336759608455452,-0.76359400934432,-0.890873411125114,-0.505975986551867,-4.63140496292648,-0.0775038103111278,-0.740797893479934,-5.83244429977364,-0.91877976235364,-13.6689850425245,-7.26724454468212,-0.282166906479033};
xlist={{0.615029,0.244017},{0.942673,0.819079},{0.686523,0.9698},{0.94772,0.454935},{0.797859,0.94316},{0.663343,0.604443},{0.231718,0.644936},{0.697316,0.835238},{0.889815,0.828826},{0.463931,0.695326},{0.598622,0.896909},{0.754384,0.809445},{0.949337,0.0754975},{0.664732,0.745909},{0.74815,0.543271},{0.166478,0.858221},{0.596844,0.595744},{0.744069,0.779832},{0.515202,0.953962},{0.37619,0.777682},{0.867626,0.356872},{0.644914,0.103336},{0.491467,0.926291},{1.015,0.140361},{0.573259,0.331983},{0.433805,0.566797},{0.890372,0.5435},{0.969995,0.289192},{0.75158,0.463137},{1.09537,0.45207},{0.910408,0.173274},{0.748653,-0.025112},{0.831178,0.434248},{0.841892,0.115642},{0.937847,0.854398},{0.506909,0.473884},{0.148163,0.110743},{0.584211,0.155505},{0.244022,0.746862},{0.0777976,0.915628},{0.495526,0.00340735},{0.406026,0.334209},{0.172835,0.441088},{0.468442,0.429454},{0.433123,0.039382},{0.229979,0.169362},{0.210732,0.324506},{0.00624402,0.960052},{0.285905,0.478558},{0.0877812,0.41837},{0.248815,0.236933},{0.0161625,0.724274},{0.0724119,0.367801},{0.176443,0.612608},{0.454464,0.47066},{0.155187,0.186369},{0.376921,0.20149},{0.170048,0.0223303},{0.294036,0.408095},{0.649053,0.0414168},{0.124256,0.272589},{0.0560682,0.196433},{0.558874,0.279042},{-0.00679591,0.534034},{0.158846,0.831678},{0.285669,0.637481},{0.0601151,0.272593}};
