k[x_,y_]:=Exp[-0.1*Sum[(x[[i]]-y[[i]])^2,{i,1,Length[x]}]];
b=39.2375;
alphay={8290.77885155021,612.528606632927,-8903.30745818314};
xlist={{0.615029,0.244017},{0.1609,0.955692},{0.558874,0.279042}};
