k[x_,y_]:=Sum[x[[i]]*y[[i]],{i,1,Length[x]}];
b=-42.4015;
alphay={9034.2777479415,1259.16197637579,2851.06298396621,6444.28557066126,9373.68014060412,-138.057456563451,-9516.09868328618,-9654.15613984963,-9654.15613984963};
xlist={{0.615029,0.244017},{0.231718,0.644936},{0.166478,0.858221},{0.1609,0.955692},{0.748653,-0.025112},{0.584211,0.155505},{0.468442,0.429454},{0.454464,0.47066},{0.558874,0.279042}};
