k[x_,y_]:=Exp[-1*Sum[(x[[i]]-y[[i]])^2,{i,1,Length[x]}]];
b=1.04957;
alphay={100,100,100,67.5749894458279,100,100,100,6.59733476643186,100,-32.6207727926543,-100,-100,-100,-100,-100,-100,-100,-41.5515514196053};
xlist={{0.615029,0.244017},{0.231718,0.644936},{0.166478,0.858221},{0.530382,0.426306},{0.644914,0.103336},{0.573259,0.331983},{0.433805,0.566797},{0.1609,0.955692},{0.183935,0.898895},{0.584211,0.155505},{0.244022,0.746862},{0.0777976,0.915628},{0.468442,0.429454},{0.368052,0.615235},{0.454464,0.47066},{0.649053,0.0414168},{0.558874,0.279042},{0.158846,0.831678}};
