k[x_,y_]:=Sum[x[[i]]*y[[i]],{i,1,Length[x]}];
b=-44.6004;
alphay={2288.55550736023,174.255848867703,-2462.81135622793};
xlist={{0.615029,0.244017},{0.1609,0.955692},{0.558874,0.279042}};
