k[x_,y_]:=(0.5*Sum[x[[i]]*y[[i]],{i,1,Length[x]}]+0)^3;
b=-1.0399;
alphay={198.370606970401,-198.370606970401};
xlist={{0.615029,0.244017},{0.148163,0.110743}};
