k[x_,y_]:=Exp[-100*Sum[(x[[i]]-y[[i]])^2,{i,1,Length[x]}]];
b=1.0243;
alphay={-0.0311455034185429,0.1,0.1,0.000381591893845058,-0.0134537886447071,0.1,-0.026383694149815,0.1,-0.0503855789235709,-0.0799971025887467,0.1,0.1,0.1,0.1,-0.1,0.1,-0.073232114684671,0.0126186778660374,-0.1,-0.0201346981367064,0.0529178700757722,-0.1,0.0338606750690566,0.0517465445117017,-0.1,-0.0457998760391665,-0.0712820072175855,-0.1,-0.1,-0.1,0.0968885333230086,0.0160504090324388,-0.0114475687537824,-0.0495433765701085,0.1,-0.1,-0.1,0.1,0.0654165610412455,-0.0224681297404178,-0.1,-0.0863007958119174,-0.1,0.1,0.1,-0.1,-0.1,-0.0854363247525836,0.1,0.0449595797619646,0.1,0.0145613524858693,-0.1,-0.1,-0.0174426708106733,-0.00263817820909856,0.00293431803819672,-0.0376152485917442,-0.1,0.1,-0.0608032127324826,-0.1,0.1,0.1,0.0881734796243479,0.0384373831652966,-0.1,-0.0893593269548668,0.1,0.1,0.1,-0.1,0.1,0.0621901037082265,-0.1,-0.043249863487665,0.1,0.1,-0.0818809397811463,0.0139025476648725,0.0049603727381186};
xlist={{2.4546853},{4.9848066},{3.1772913},{0.68183331},{1.3090798},{4.3434217},{0.4072258},{3.1327996},{5.1873545},{2.2190821},{0.28378615},{4.5614463},{3.3383598},{4.1472487},{2.6093513},{1.8859761},{1.4935029},{0.78320274},{3.8833121},{0.92804736},{5.9566648},{2.4358525},{3.4171664},{5.6259751},{2.4735931},{3.9117231},{4.9545943},{4.9109722},{5.1240698},{5.2967751},{1.7182214},{3.1515643},{4.6823773},{1.102152},{0.98776147},{2.2066628},{0.28903084},{5.1331359},{6.0766647},{5.3359902},{4.79685},{4.211864},{3.4994656},{4.2289196},{2.1833838},{2.4597538},{0.055630634},{1.6458729},{5.3690224},{2.1333297},{3.0543424},{5.41326},{2.7477751},{5.0361158},{1.4031909},{4.4797874},{0.28792094},{5.780912},{1.3818296},{0.079622346},{0.14168031},{1.2419512},{3.0191213},{4.1190759},{4.7629933},{3.3352342},{0.99257012},{5.4897863},{4.4196367},{3.1601833},{1.9826193},{6.065606},{3.2338012},{2.8694185},{4.0121099},{4.6225946},{1.6645631},{1.4331881},{4.1144174},{5.0388117},{2.0343889}};
