k[x_,y_]:=Exp[-10*Sum[(x[[i]]-y[[i]])^2,{i,1,Length[x]}]];
b=0.963569;
alphay={1000,-4.2764079543021,-757.046983390332,26.0448322370328,-39.8827618963835,999.986475104115,539.88479731768,599.235144314103,0.229070345395671,73.8483946993258,-393.77536565066,-637.275507025227,-7.31962885128118,290.006966524771,232.397572475501,400.344888689098,-0.953139480387165,1000,-431.616824054369,-423.724983172785,-943.706726017576,-323.104851352744,70.7811117284864,957.370796384632,-996.795578336084,1000,770.664520089612,-549.267131439556,7.57199587663341,1000,10.5092097069594,162.551759350317,-1000,-1000,-250.060705259798,-338.326781702419,19.4888202332089,-46.1903362590278,1000,276.604037516438,-63.2817404160525,-1000,-719.727760535117,752.883035040996,51.1080093786297,-1000,-77.6738060125252,-1.98684888839197,-761.735780469426,106.667757058161,651.820805928849,-201.367461491409,-30.9028903441582};
xlist={{4.9848066},{0.66135807},{3.3685751},{0.4072258},{2.0531295},{0.28378615},{4.5614463},{3.3383598},{2.6093513},{6.18229},{1.4935029},{3.8833121},{0.92804736},{5.9566648},{3.4171664},{5.6259751},{2.4735931},{3.9117231},{4.9109722},{5.1240698},{5.2967751},{4.6823773},{1.102152},{0.98776147},{0.28903084},{5.1331359},{6.0766647},{4.211864},{2.1833838},{5.3690224},{3.0543424},{5.41326},{5.0361158},{4.4797874},{5.780912},{1.3818296},{0.079622346},{0.14168031},{4.1190759},{4.7629933},{1.7884086},{0.99257012},{5.4897863},{4.4196367},{1.9826193},{6.065606},{3.2338012},{2.8694185},{4.0121099},{1.6645631},{1.4331881},{4.1144174},{6.2744768}};
