k[x_,y_]:=Exp[-10*Sum[(x[[i]]-y[[i]])^2,{i,1,Length[x]}]];
b=1.00856;
alphay={10,0.315182617903355,-9.99946604723807,7.10865673947243,10,1.8552945878472,5.29670597942281,-9.76054183669076,-2.94075532073698,9.58324333195168,0.937662884267902,7.47046112025022,-0.308557858086249,1.43259395361552,-10,-10,3.71617189540756,-7.0274918084788,3.96616341537337,-10,10,3.59127197394783,-0.29835590998182,-10,-7.34988032738607,-6.9737757422328,-0.168627061851807,-3.16744199491401,1.20725233140702,-0.827190333406231,10,5.83306105719863,-10,10,0.50593362686362,-10,-6.16044827774781,-1.95866501082972,2.38558985687791,10,4.79475462819296,-1.33143315510838,-1.7273693153105};
xlist={{4.9848066},{0.68183331},{3.3685751},{0.28378615},{3.3383598},{4.1472487},{6.18229},{1.4935029},{0.92804736},{5.9566648},{3.4171664},{5.6259751},{2.4735931},{3.9117231},{4.9109722},{5.2967751},{0.98776147},{0.28903084},{5.1331359},{4.211864},{5.3690224},{5.41326},{2.7477751},{5.0361158},{4.4797874},{5.780912},{0.14168031},{1.2419512},{3.0191213},{1.8690259},{4.1190759},{4.7629933},{5.4897863},{4.4196367},{1.9826193},{6.065606},{4.0121099},{4.6225946},{1.6645631},{1.4331881},{5.0388117},{6.2744768},{3.1321985}};
