k[x_,y_]:=Exp[-1*Sum[(x[[i]]-y[[i]])^2,{i,1,Length[x]}]];
b=1.01171;
alphay={0.1,-0.1,-0.0857261417377354,-0.1,2.77555756156289e-17,-0.0142738582622646,0.1,0.1};
xlist={{3.1327996},{2.6093513},{3.8833121},{2.4735931},{3.1515643},{2.4597538},{3.0543424},{3.1601833}};
