k[x_,y_]:=Exp[-10*Sum[(x[[i]]-y[[i]])^2,{i,1,Length[x]}]];
b=1.01076;
alphay={38.2205252568553,0.759504303016834,-0.174373602617447,1.54799481504481,9.49585148658495,29.8956345221286,-0.233819024313079,9.20577940902636,-45.7842224113761,-54.997318372538,0.0528014834296611,-46.797698010781,-0.887937990411745,82.6627787462631,-42.6919981749988,-14.610375202045,-0.22279368609259,0.203285831242141,57.3850518020681,19.7271452838649,-54.4557361975905,50.5714801460834,0.187571372384674,-6.16024960606933,-32.9834777211666,0.0845955420067406};
xlist={{4.9848066},{3.3383598},{2.6093513},{6.18229},{5.9566648},{5.6259751},{2.4735931},{3.9117231},{4.9109722},{5.2967751},{0.98776147},{4.211864},{3.4994656},{5.3690224},{4.4797874},{5.780912},{1.2419512},{3.0191213},{4.1190759},{4.7629933},{5.4897863},{4.4196367},{1.9826193},{6.065606},{4.0121099},{1.4331881}};
