k[x_,y_]:=Exp[-100*Sum[(x[[i]]-y[[i]])^2,{i,1,Length[x]}]];
b=1.00853;
alphay={11.4820243881932,100,-38.0240701406058,-0.423364031919395,4.15172359527487,0.43659743970496,-9.47585647818407,-25.0492454465283,-0.848315870606658,-0.441569670331682,-15.2958182070849,100,25.3874641819417,100,-8.67425185828829,-0.123472782950142,0.474376008088777,-0.765056997303888,0.0930721201185368,-0.0195900517831972,5.14258012486584,-0.227124140731872,-0.513541224924879,11.2749599558394,-1.85591262770134,-2.84556425374977,-6.06045221742594,29.5867790349403,-2.10369260776008,-0.0178543861418907,-6.22670639085714,0.18950554779053,0.890649143319993,-28.0835005240425,15.6021740171402,4.07360858753948,4.99220206074216,-100,0.0771670704486109,-100,-0.575924616489106,-65.5823610926333,5.18348865370643,0.0264374473450385,56.7240383782613,-3.95355082028544,-100,100,12.2709418000157,3.27049448772223,-2.8894363589412,-4.58180674114158,8.78580946039394,1.3609185112823,4.73442991484234,4.02885909104549,96.9678439515369,-3.73366681661768,-2.5677984093018,7.94536192392232,-21.5006182562973,44.6620764390486,-0.949394932941353,2.32315190762508,-74.4533347554765,-4.56219004528696,-28.6259400239951,-0.201642480274547,-81.5716197256503,-37.7985202019432,-87.6666273489439,-2.43671835592507,10.7719223961888,5.83152825380586,-12.0173890352968,1.06707608936611,-0.612855394332985,-0.853907136393685,100,3.43960889322761,3.90142229355888,0.156348757031553,-84.5946760279334,-100,0.853441793384894,0.0289736245423308,1.80452215329347,100,0.135561056220943,-12.9864950643921,3.33239054041781,0.148144300936931,0.307276964837848,2.89846892447341,2.82050611488711,100,-100,100,0.145391378960864,0.218681222168914,-18.2085664505856};
xlist={{2.4546853},{4.9848066},{3.1772913},{0.66135807},{5.975306},{0.68183331},{1.3090798},{3.3685751},{4.3434217},{0.4072258},{5.1873545},{0.28378615},{4.5614463},{3.3383598},{4.1472487},{2.6093513},{0.82916265},{6.18229},{1.8859761},{4.1753719},{1.4935029},{0.78320274},{3.8833121},{0.18210352},{0.92804736},{5.9566648},{2.4358525},{3.4171664},{4.716947},{5.6259751},{2.4735931},{3.9117231},{2.2645348},{4.9545943},{1.3384962},{5.1201746},{4.9109722},{5.1240698},{0.59106696},{5.2967751},{1.7182214},{3.1515643},{4.6049721},{1.102152},{0.98776147},{2.2066628},{0.28903084},{5.1331359},{6.0766647},{5.3359902},{4.79685},{4.211864},{4.0971703},{3.4994656},{4.2289196},{2.1833838},{5.2908885},{0.055630634},{1.6458729},{5.3690224},{3.4327108},{0.99657565},{2.1333297},{3.0543424},{1.4452738},{5.41326},{4.5700694},{2.7477751},{5.0361158},{1.4031909},{4.9970912},{4.4797874},{0.28792094},{0.079622346},{0.14168031},{1.2419512},{5.2459606},{3.0191213},{4.1190759},{0.12932952},{4.7629933},{1.7884086},{3.3352342},{0.99257012},{5.4897863},{5.6673413},{4.4196367},{3.1601833},{1.9826193},{6.065606},{3.2338012},{2.8694185},{4.0121099},{1.6645631},{0.34783688},{1.4331881},{4.1144174},{5.0388117},{2.0343889},{6.2744768},{0.24433872}};
