k[x_,y_]:=Exp[-1*Sum[(x[[i]]-y[[i]])^2,{i,1,Length[x]}]];
b=1.10043;
alphay={84.0484472747929,-13.4703977783691,-100,-35.1468601857063,18.6731373649405,-100,19.8040247886349,-100,95.3172318840967,-9.45704302361575,-60.5142233505375,99.2974329130069,64.0586170558537,-41.0085360786899,-34.609635447536,2.03722903101857,100,-100,100,-6.59447357055628,-0.921266727892196,18.4863158505587};
xlist={{4.9848066},{0.66135807},{2.6093513},{3.8833121},{5.9566648},{4.9109722},{0.98776147},{3.4994656},{2.1833838},{3.4489636},{1.6458729},{5.3690224},{3.0543424},{2.7477751},{4.4797874},{0.079622346},{4.1190759},{5.4897863},{3.1601833},{6.065606},{4.6225946},{1.4331881}};
