k[x_,y_]:=Exp[-1*Sum[(x[[i]]-y[[i]])^2,{i,1,Length[x]}]];
b=0.891776;
alphay={13.3118226384706,100,55.4061353386276,-100,-92.7627672097252,40.7810329396209,-37.8582028600021,-48.6485055096513,100,100,100,-100,8.86067762238483,100,-50.4864009482403,-95.8630623276568,100,100,-100,100,100,60.8225848192516,-100,-100,-100,100,-100,100,-100,-100,-100,27.367227188293,-100,100,-100,-58.8998427363929,-100,100,-100,-100,20.8579566891066,100,100,100,33.4745520525261,-15.4812184083311,-100,-100,100,-100,100,-100,39.1180107117171,-100,100,-100,100,100,-100,-100,-100,100,100,100,-100,100,-100,100,100};
xlist={{2.4546853},{4.9848066},{5.975306},{3.3685751},{0.4072258},{3.1327996},{5.1873545},{2.0531295},{0.28378615},{3.3383598},{4.1472487},{2.6093513},{6.18229},{4.7677898},{1.4935029},{3.8833121},{5.9566648},{5.6259751},{2.4735931},{3.9117231},{2.2645348},{1.3384962},{4.9109722},{5.2967751},{4.6823773},{0.98776147},{0.28903084},{5.1331359},{5.3359902},{4.79685},{4.211864},{4.0971703},{3.4994656},{2.1833838},{3.4489636},{0.055630634},{1.6458729},{5.3690224},{3.4327108},{2.8172866},{0.99657565},{2.1333297},{3.0543424},{1.4452738},{5.41326},{4.5700694},{2.7477751},{5.0361158},{4.9970912},{4.4797874},{0.28792094},{5.780912},{0.079622346},{1.2419512},{3.0191213},{1.8690259},{4.1190759},{4.7629933},{1.7884086},{0.99257012},{5.4897863},{4.4196367},{3.1601833},{1.9826193},{6.065606},{3.2338012},{4.6225946},{1.4331881},{5.0388117}};
