k[x_,y_]:=Exp[-1*Sum[(x[[i]]-y[[i]])^2,{i,1,Length[x]}]];
b=1.04455;
alphay={-0.1,0.1,0.1,-0.1,0.1,0.1,0.0588444004717888,-0.1,0.1,0.1,-0.1,0.1,-0.00556869404960522,0.1,-0.1,0.0333526016367538,-0.1,-0.00420164007461891,0.1,-0.1,-0.1,-0.1,-0.1,-0.1,-0.0680547962830589,-0.1,0.1,0.1,-0.1,-0.0349860032722002,-0.1,-0.0719701503521385,-0.1,0.1,-0.1,-0.1,-0.0255641637288712,0.1,-0.1,0.1,0.1,-0.1,0.1,0.1,-0.1,-0.1,-0.1,-0.1,0.1,-0.1,0.1,0.1,0.1,0.1,0.00780299789145593,0.1,0.1,0.1,-0.1,-0.0896545522395056,0.1,-0.1,-0.1,0.1,0.1,0.1};
xlist={{2.4546853},{3.1772913},{0.68183331},{1.3090798},{4.3434217},{3.1327996},{2.0531295},{2.2190821},{4.5614463},{3.3383598},{2.6093513},{1.8859761},{1.4935029},{0.78320274},{3.8833121},{5.9566648},{2.4358525},{3.4171664},{5.6259751},{2.4735931},{3.9117231},{2.2645348},{4.9545943},{4.9109722},{5.1240698},{5.2967751},{1.7182214},{3.1515643},{2.2066628},{0.28903084},{4.79685},{4.0971703},{3.4994656},{4.2289196},{3.4489636},{2.4597538},{0.055630634},{5.3690224},{3.4327108},{4.5454569},{2.0144432},{2.8172866},{3.0543424},{5.41326},{2.7477751},{5.0361158},{1.4031909},{1.3818296},{2.0495031},{1.2419512},{3.0191213},{1.8690259},{4.1190759},{1.7884086},{3.3352342},{4.4196367},{3.1601833},{1.9826193},{6.065606},{1.3431388},{3.2338012},{4.0121099},{1.3377643},{1.6645631},{2.0343889},{3.1321985}};
