k[x_,y_]:=Exp[-10*Sum[(x[[i]]-y[[i]])^2,{i,1,Length[x]}]];
b=1.0071;
alphay={10,10,0.0587727916355465,1.04305424000191,-10,0.864999024430013,-3.87202391915274,-0.749009259206584,-10,-1.66933003870704,10,8.28914121801,10,10,5.56349839845731,10,-7.09640928820084,-10,1.66395483886886,-6.38648103030191,-10,10,1.84730990048293,-9.5167164487412,10,-10,10,-10,-10,-10,9.92379849040717,-2.42003624484035,1.10233561153141,10,-10,-10,10,-8.54415266163594,-10,10,-4.53966259222952,-10,10,9.85256361898671,6.09817542789137,3.81877225783794,4.97266079620167,-10,7.75885283697881,-10,10,-9.58606728435577,-6.92118433128529,-2.53260083025323,10,-7.48335821891451,-10,-0.75787499579547,10,10,-10,-1.20417827776237,-10,-10,8.84692885222276,10,6.24486903194007,10,-10,2.05031266411552,-0.245501028986318,-10,-10,10,10,-0.0387384025163632,10,-1.65653711028581,-4.78013803682869,-10};
xlist={{2.4546853},{4.9848066},{5.975306},{0.68183331},{3.3685751},{4.3434217},{0.4072258},{5.1873545},{2.0531295},{2.2190821},{0.28378615},{4.5614463},{3.3383598},{4.1472487},{6.18229},{4.7677898},{4.1753719},{1.4935029},{0.78320274},{3.8833121},{0.92804736},{5.9566648},{3.4171664},{2.4735931},{3.9117231},{4.9545943},{1.3384962},{4.9109722},{5.1240698},{5.2967751},{1.7182214},{4.6823773},{1.102152},{0.98776147},{2.2066628},{0.28903084},{5.1331359},{4.79685},{4.211864},{2.1833838},{0.055630634},{1.6458729},{5.3690224},{0.99657565},{2.1333297},{3.0543424},{5.41326},{5.0361158},{4.9970912},{4.4797874},{0.28792094},{5.780912},{1.3818296},{2.0495031},{0.079622346},{0.14168031},{1.2419512},{1.8690259},{4.1190759},{4.7629933},{1.7884086},{3.3352342},{0.99257012},{5.4897863},{5.6673413},{4.4196367},{3.1601833},{1.9826193},{6.065606},{1.3431388},{2.8694185},{4.0121099},{4.6225946},{1.6645631},{1.4331881},{4.1144174},{5.0388117},{6.2744768},{0.24433872},{3.1321985}};
