k[x_,y_]:=Exp[-0.1*Sum[(x[[i]]-y[[i]])^2,{i,1,Length[x]}]];
b=1.03175;
alphay={-10,10,10,-10,7.03114063799833,-10,0.698427186001067,-10,-10,-10,-0.202983663535294,10,-10,-7.52658416046411,-10,10,-10,10,10,10,10,10,-10,10};
xlist={{2.4546853},{3.1772913},{3.1327996},{2.6093513},{1.8859761},{3.8833121},{5.9566648},{2.4358525},{2.4735931},{3.9117231},{4.9109722},{3.1515643},{3.4994656},{3.4489636},{2.4597538},{3.0543424},{2.7477751},{3.0191213},{4.4196367},{3.1601833},{1.9826193},{3.2338012},{4.0121099},{3.1321985}};
