k[x_,y_]:=Exp[-10*Sum[(x[[i]]-y[[i]])^2,{i,1,Length[x]}]];
b=0.955409;
alphay={100,100,-6.93541690890825,-100,-2.59966391210498,-50.019345118601,-100,-30.1789114502077,-49.6905471271455,-100,-100,-100,100,100,100,100,18.2805913813398,-10.4493365955047,63.7233821670905,100,96.8174660120085,-100,-100,100,-56.8553839053618,73.0270455781354,79.9848135061177,-100,100,-17.482302950567,100,54.1117444551334,-7.0814598174376,-100,100,75.3761877961221,-93.3767737628823,100,-15.4407543136033,-100,-100,-100,97.4971850868371,-100,-100,21.6692343569027,51.75953958749,100,-100,-100,100,-1.77915857883252,-100,-100,-100,-4.59898154549061,63.5902918224884,100,76.3556991454372,-29.9857505175054,-54.8360219974702,-100,100,47.1187741412267,100,69.9982754457126,73.3126511784644,58.7666701653735,-100,-100,100,-100,100,-96.7696002152501,-100,-100,100,-100,-100,100,-100,100,1.40517828991532,100,-100,-100,-100,-100,100,100,100,100,-100,100,83.0446520639909,-15.9151565245168,-100,-100,23.6232153539394,100,100,-12.5626222958077,100,48.8519509212304,-21.7573609177588,-100,-100};
xlist={{2.4546853},{4.9848066},{3.1772913},{0.66135807},{5.975306},{1.3090798},{3.3685751},{4.3434217},{0.4072258},{5.1873545},{2.0531295},{2.2190821},{0.28378615},{4.5614463},{3.3383598},{4.1472487},{2.6093513},{0.82916265},{6.18229},{4.7677898},{1.8859761},{4.1753719},{1.4935029},{0.78320274},{3.8833121},{0.56133996},{0.18210352},{0.92804736},{5.9566648},{2.4358525},{3.4171664},{4.716947},{5.6259751},{2.4735931},{3.9117231},{2.2645348},{4.9545943},{1.3384962},{5.1201746},{4.9109722},{5.1240698},{5.2967751},{1.7182214},{3.1515643},{4.6823773},{4.6049721},{1.102152},{0.98776147},{2.2066628},{0.28903084},{5.1331359},{6.0766647},{5.3359902},{4.79685},{4.211864},{3.4994656},{4.2289196},{2.1833838},{5.2908885},{3.4489636},{0.055630634},{1.6458729},{5.3690224},{0.99657565},{2.1333297},{3.0543424},{1.4452738},{5.41326},{5.0361158},{1.4031909},{4.9970912},{4.4797874},{0.28792094},{5.780912},{1.3818296},{2.0495031},{0.079622346},{0.14168031},{1.2419512},{5.2459606},{1.8690259},{4.1190759},{0.12932952},{4.7629933},{1.7884086},{3.3352342},{0.99257012},{5.4897863},{5.6673413},{4.4196367},{3.1601833},{1.9826193},{6.065606},{1.3431388},{3.2338012},{2.8694185},{4.0121099},{4.6225946},{1.3377643},{1.6645631},{1.4331881},{4.1144174},{5.0388117},{2.0343889},{6.2744768},{0.24433872},{3.1321985}};
