k[x_,y_]:=Exp[-0.01*Sum[(x[[i]]-y[[i]])^2,{i,1,Length[x]}]];
b=0.134974;
alphay={-100,100,100,100,-100,-100,25.2735106969885,-100,-100,-100,-100,100,-100,-100,100,-100,23.9578613715409,100,100,100,50.7686279314706,100,-100,100};
xlist={{2.4546853},{3.1772913},{3.1327996},{3.3383598},{2.6093513},{3.8833121},{5.9566648},{2.4358525},{2.4735931},{3.9117231},{4.9109722},{3.1515643},{3.4994656},{2.4597538},{3.0543424},{2.7477751},{0.079622346},{3.0191213},{4.4196367},{3.1601833},{1.9826193},{3.2338012},{4.0121099},{3.1321985}};
