k[x_,y_]:=Exp[-0.1*Sum[(x[[i]]-y[[i]])^2,{i,1,Length[x]}]];
b=0.836083;
alphay={6.28580248604694,-10,1.18306899251887,-10,0.372904240617544,-10,10,10,2.15822428081665};
xlist={{3.1327996},{2.6093513},{0.78320274},{3.8833121},{5.9566648},{2.4735931},{3.0543424},{3.1601833},{1.9826193}};
