k[x_,y_]:=Exp[-1*Sum[(x[[i]]-y[[i]])^2,{i,1,Length[x]}]];
b=1.03846;
alphay={-10,0.915813242487865,-7.9357790886794,-2.46949217647101,-7.11845258012167,0.945002544289732,3.99067854131236,-2.47627615472792,9.12153903386748,10,5.02696663804256};
xlist={{2.6093513},{0.78320274},{3.8833121},{4.9109722},{3.4994656},{5.3690224},{3.0543424},{1.2419512},{4.1190759},{3.1601833},{1.9826193}};
