k[x_,y_]:=Exp[-10*Sum[(x[[i]]-y[[i]])^2,{i,1,Length[x]}]];
b=1.01068;
alphay={0.0111412711934275,0.0130821265538902,0.0372756548378714,0.1,0.0701036601723645,-0.1,0.033973718635027,-0.1,0.0948672447516135,-0.0152101933005953,-0.1,-0.019732973931606,-0.1,-0.0894055737675977,0.0317852043071851,0.00777111954862104,-0.1,-0.0713427828231614,-0.1,0.1,0.1,-0.0786753244747364,-0.1,0.1,0.1,-0.0256331517023033,0.1,0.1,0.1,-0.1,0.1,-0.1};
xlist={{4.9848066},{4.3434217},{3.1327996},{3.3383598},{4.1472487},{2.6093513},{1.8859761},{3.8833121},{5.9566648},{2.4358525},{2.4735931},{3.9117231},{4.9109722},{5.2967751},{1.7182214},{0.98776147},{3.4994656},{3.4489636},{2.4597538},{5.3690224},{3.0543424},{2.7477751},{1.2419512},{3.0191213},{4.1190759},{5.4897863},{4.4196367},{3.1601833},{1.9826193},{6.065606},{3.2338012},{4.0121099}};
