k[x_,y_]:=Exp[-1*Sum[(x[[i]]-y[[i]])^2,{i,1,Length[x]}]];
b=0.923019;
alphay={1000,-12.1157624362214,134.394681051612,-523.964520116937,150.435641706031,-923.843342468186,-50.8484719136949,18.6138139741806,-528.927662412164,61.3185830927706,-42.8568063478334,-95.1051464249242,1.9095382590887,1000,-126.692511987793,25.7855087001559,-98.0800597047996,9.97651702872031};
xlist={{4.9848066},{0.66135807},{3.3383598},{3.8833121},{5.9566648},{4.9109722},{5.2967751},{0.98776147},{4.211864},{2.1833838},{1.6458729},{2.7477751},{0.079622346},{4.1190759},{5.4897863},{3.1601833},{6.065606},{1.4331881}};
