k[x_,y_]:=Exp[-100*Sum[(x[[i]]-y[[i]])^2,{i,1,Length[x]}]];
b=1.03283;
alphay={0.0561150078862861,0.0693211036828974,0.1,-0.00667626431092739,-0.00985514036626143,0.00527185940642394,0.1,-0.1,0.0621422985891283,-0.1,-0.1,-0.1,-0.0021248235055617,-0.0123245272784646,-0.1,-0.000928465877627571,-0.0613949728719798,0.0578842767049847,-0.00331873224962015,-0.00903199863435505,-0.0562267259599416,0.00773003769835921,-0.1,0.0415354160319204,0.1,-0.1,-0.0564103064649122,-0.0270299820957414,-0.1,0.1,0.1,-0.00732793848601604,-0.0144117408558805,0.1,0.1,0.1,-0.0438121358924234,0.1,-0.0891262451502872};
xlist={{3.1772913},{4.3434217},{3.1327996},{5.1873545},{2.2190821},{4.5614463},{3.3383598},{2.6093513},{1.8859761},{3.8833121},{2.4358525},{2.4735931},{3.9117231},{2.2645348},{4.9109722},{5.1240698},{5.2967751},{1.7182214},{1.102152},{4.79685},{3.4994656},{4.2289196},{2.4597538},{5.3690224},{3.0543424},{2.7477751},{5.0361158},{1.3818296},{1.2419512},{3.0191213},{4.1190759},{0.99257012},{5.4897863},{4.4196367},{3.1601833},{1.9826193},{6.065606},{3.2338012},{4.0121099}};
