k[x_,y_]:=Exp[-10*Sum[(x[[i]]-y[[i]])^2,{i,1,Length[x]}]];
b=1.04215;
alphay={-0.01,0.01,-0.01,0.01,0.01,-0.01,0.01,0.01,-0.01,0.01,-0.01,-0.01,-0.01,-0.01,-0.0035929471266834,-0.01,-0.01,-0.000781089467450591,-0.01,0.01,0.01,-0.01,-0.01,0.01,-0.01,0.01,0.01,-0.01,-0.01,-0.01,-0.01,0.01,0.01,0.01,0.01,0.01,0.01,0.01,-0.01,0.01,-0.01,0.00437403659413399,0.01};
xlist={{2.4546853},{3.1772913},{1.3090798},{4.3434217},{3.1327996},{2.2190821},{3.3383598},{4.1472487},{2.6093513},{1.8859761},{3.8833121},{2.4358525},{2.4735931},{3.9117231},{2.2645348},{4.9545943},{4.9109722},{5.1240698},{5.2967751},{1.7182214},{3.1515643},{4.79685},{3.4994656},{4.2289196},{2.4597538},{2.0144432},{3.0543424},{2.7477751},{5.0361158},{1.3818296},{1.2419512},{3.0191213},{1.8690259},{4.1190759},{3.3352342},{4.4196367},{3.1601833},{1.9826193},{6.065606},{3.2338012},{4.0121099},{2.0343889},{3.1321985}};
