k[x_,y_]:=Exp[-1*Sum[(x[[i]]-y[[i]])^2,{i,1,Length[x]}]];
b=1.01059;
alphay={-5.69686930496615,-82.6210823167249,1.06586033266968,-63.7181563299874,10.7508076504655,29.0027310872482,-59.1905088274807,60.5481431038393,-26.0826742600406,1.94349387247316,100,-11.9618696169649,96.6889639533042,-50.7288393438353};
xlist={{0.4072258},{2.6093513},{6.18229},{3.8833121},{0.98776147},{5.1331359},{3.4994656},{2.1833838},{1.6458729},{0.079622346},{4.1190759},{5.4897863},{3.1601833},{4.6225946}};
