k[x_,y_]:=Exp[-100*Sum[(x[[i]]-y[[i]])^2,{i,1,Length[x]}]];
b=1.00195;
alphay={83.0167343358916,100,-26.2647196909473,-3.12615854850379,6.16250673943931,2.78606863118481,-10.3111416524189,-40.4258519900934,-0.817573098005186,0.370570609773328,100,-15.1856201866356,64.708579815786,100,100,100,-8.38021632665667,1.04025120006012,-1.03177076134141,-3.77381435168786,5.32329686736342,-0.903275794598791,-0.629350066526777,-0.961447394042501,35.7348814280364,-2.30134427612303,-4.43494344392467,-17.7667800315362,86.1483983213108,-17.941140991995,-0.152569149370239,0.311748039029043,-3.03305856949316,-31.2762517707532,16.5114985881415,4.34549167881188,7.03273050601089,-100,1.58426784169845,-100,-1.76301567246192,-88.9261660497661,16.500561446181,48.9213693082832,0.0607887083364956,58.5876121087623,-100,-100,100,16.1387152590045,-7.80805126777749,-5.62757744426975,8.68019770962583,5.6199764018682,45.057007487512,99.0393883484985,32.5598447494285,-66.37794168185,1.03977435669689,-4.65353851685869,10.8389462987151,-100,-19.3986582984822,-72.9583052904662,43.0684524964511,-6.74842433781221,1.11794044184608,-74.46121406715,-5.69387996602234,-100,-0.221343716765222,-82.9227888607321,-38.1403023222149,-84.825836662419,-0.997077830340703,17.5759743418609,-44.6250237761273,-8.15986551587882,-100,1.27819218044148,-1.54466854556862,-0.317066859120749,2.33471650246098,100,82.1288658294966,14.2694309554073,0.653650285757555,-77.6209882223695,-100,1.11207137594484,0.148377543407634,1.36274583382953,100,19.3641154654825,-17.1473006388519,0.386387942233777,0.14642105469132,0.314320165433811,-35.2959717143061,5.6944619064715,0.294975783064466,100,-100,100,100,0.323996301842594,-29.137324156914,-85.6069436823947};
xlist={{2.4546853},{4.9848066},{3.1772913},{0.66135807},{5.975306},{0.68183331},{1.3090798},{3.3685751},{4.3434217},{0.4072258},{3.1327996},{5.1873545},{2.2190821},{0.28378615},{4.5614463},{3.3383598},{4.1472487},{0.82916265},{6.18229},{1.8859761},{1.4935029},{0.78320274},{3.8833121},{0.56133996},{0.18210352},{0.92804736},{5.9566648},{2.4358525},{3.4171664},{4.716947},{5.6259751},{3.9117231},{2.2645348},{4.9545943},{1.3384962},{5.1201746},{4.9109722},{5.1240698},{0.59106696},{5.2967751},{1.7182214},{3.1515643},{4.6823773},{4.6049721},{1.102152},{0.98776147},{2.2066628},{0.28903084},{5.1331359},{6.0766647},{4.79685},{4.211864},{4.0971703},{4.2289196},{2.1833838},{5.2908885},{3.4489636},{2.4597538},{0.055630634},{1.6458729},{5.3690224},{3.4327108},{4.5454569},{2.0144432},{0.99657565},{2.1333297},{3.0543424},{1.4452738},{5.41326},{4.5700694},{2.7477751},{5.0361158},{1.4031909},{4.9970912},{4.4797874},{0.28792094},{2.0495031},{0.079622346},{0.14168031},{1.2419512},{5.2459606},{3.0191213},{1.8690259},{4.1190759},{0.12932952},{4.7629933},{1.7884086},{3.3352342},{0.99257012},{5.4897863},{5.6673413},{4.4196367},{3.1601833},{1.9826193},{6.065606},{3.2338012},{2.8694185},{4.0121099},{4.6225946},{1.6645631},{0.34783688},{1.4331881},{4.1144174},{5.0388117},{2.0343889},{6.2744768},{0.24433872},{3.1321985}};
