k[x_,y_]:=Exp[-1*Sum[(x[[i]]-y[[i]])^2,{i,1,Length[x]}]];
b=1.04499;
alphay={-0.1,0.1,0.0776192150559626,0.1,-0.1,0.1,-0.1,-0.1,-0.1,-0.1,-0.0919009359367068,0.1,-0.1,-0.0954846021781493,-0.1,0.1,-0.1,-0.0793425062721205,0.1,0.0223807849440376,0.1,0.1,0.1,0.1,-0.0332719556130235,0.1};
xlist={{2.4546853},{3.1772913},{4.3434217},{3.1327996},{2.6093513},{1.8859761},{3.8833121},{2.4358525},{2.4735931},{3.9117231},{4.9109722},{3.1515643},{3.4994656},{3.4489636},{2.4597538},{3.0543424},{2.7477751},{1.2419512},{3.0191213},{1.8690259},{4.4196367},{3.1601833},{1.9826193},{3.2338012},{4.0121099},{3.1321985}};
