k[x_,y_]:=Exp[-0.1*Sum[(x[[i]]-y[[i]])^2,{i,1,Length[x]}]];
b=1.1278;
alphay={-10,10,-10,10,10,-10,8.18083186863358,10,-10,10,4.75765357622278,-10,8.35291617803466,-10,10,-10,-10,-10,-10,-10,10,10,-10,-10,-10,-10,-10,10,-10,10,-10,10,-10,-10,-7.22608958922101,-10,10,10,10,10,5.93468796632999,10,10,10,-10,10,-10,10,10};
xlist={{2.4546853},{3.1772913},{1.3090798},{4.3434217},{3.1327996},{2.2190821},{4.5614463},{3.3383598},{2.6093513},{1.8859761},{0.78320274},{3.8833121},{5.9566648},{2.4358525},{5.6259751},{2.4735931},{3.9117231},{2.2645348},{4.9545943},{4.9109722},{1.7182214},{3.1515643},{2.2066628},{4.79685},{3.4994656},{3.4489636},{2.4597538},{5.3690224},{3.4327108},{2.0144432},{2.8172866},{3.0543424},{2.7477751},{5.0361158},{1.3818296},{1.2419512},{3.0191213},{1.8690259},{4.1190759},{1.7884086},{3.3352342},{4.4196367},{3.1601833},{1.9826193},{6.065606},{3.2338012},{4.0121099},{1.6645631},{3.1321985}};
