k[x_,y_]:=Exp[-0.01*Sum[(x[[i]]-y[[i]])^2,{i,1,Length[x]}]];
b=0.164953;
alphay={-130.602675972001,-169.397324027999,6.18793961896968,293.81206038103};
xlist={{3.8833121},{2.4735931},{0.079622346},{3.1601833}};
