k[x_,y_]:=Exp[-100*Sum[(x[[i]]-y[[i]])^2,{i,1,Length[x]}]];
b=1.0325;
alphay={0.0776751042558042,-0.194513078203674,-0.13466090058021,-0.226724809218695,-0.0418742652620462,0.0990578538850976,-0.00173636411051581,-0.0419413956086794,0.0946714589015656,0.0762093671453061,0.195308950356324,0.0293858205445159,0.0691422578952076};
xlist={{3.3383598},{2.6093513},{3.8833121},{2.4735931},{4.9109722},{3.0543424},{2.7477751},{1.2419512},{3.0191213},{4.4196367},{3.1601833},{1.9826193},{3.2338012}};
