k[x_,y_]:=Exp[-100*Sum[(x[[i]]-y[[i]])^2,{i,1,Length[x]}]];
b=1.00888;
alphay={1,1,-0.284824105566998,-1,0.856622743496531,-1,-1,-0.15535676189932,0.0383581627123826,0.503935226043647,-0.51493730546386,-0.412965347459724,-0.102153269809583,1,1,1,1,-0.305643637335969,-0.0112555042123307,0.487162559478094,0.0436899949074022,-0.757949384306502,-0.45539513001737,-0.0108749969914898,-1,-0.26337263887012,1,-0.118248488557421,0.151101169933944,-0.829854195675122,1,-1,0.0948921791550198,-1,0.811715594962091,0.210356825195212,-0.883267007301828,1,0.253900996736332,0.12958422037585,-1,0.479973905891285,-1,-0.143059705841743,0.454165430494421,0.0527625448069521,-0.0482179111596777,1,-1,-1,1,0.972667229628886,-0.859395141543033,-1,-0.842569975933707,-0.148422165914302,-0.140190606177765,1,1,1,-0.0954367747100497,0.4017844144282,-0.696306118754317,-0.807303318219749,1,-0.436905902146094,0.380763856007036,-1,0.0896963146311714,-0.0649396827700216,0.3601028496227,0.404284208410096,-0.205587100168272,-1,-0.176770841383909,-1,-1,-0.673391761595932,0.812352739051785,-0.0532618310745071,-1,1,-1,-0.0807767350227872,0.327447011396924,0.119698061466995,1,0.0139119663431424,1,0.0922106341874695,-0.198545625309225,-1,-0.109349351879813,0.724482112233472,1,0.60948311185163,-1,0.85426792559063,0.0844466812804308,0.108087414445652,-0.235347255793061,-0.152656647691602,1,-0.264181456178634,1,-1,0.615830943431036,1,-0.00102534546058031,-1,-1};
xlist={{2.4546853},{4.9848066},{3.1772913},{0.66135807},{0.68183331},{1.3090798},{3.3685751},{4.3434217},{0.4072258},{3.1327996},{5.1873545},{2.0531295},{2.2190821},{0.28378615},{4.5614463},{3.3383598},{4.1472487},{2.6093513},{6.18229},{4.7677898},{1.8859761},{4.1753719},{1.4935029},{0.78320274},{3.8833121},{0.56133996},{0.18210352},{0.92804736},{5.9566648},{2.4358525},{3.4171664},{4.716947},{5.6259751},{2.4735931},{3.9117231},{2.2645348},{4.9545943},{1.3384962},{5.1201746},{4.9109722},{5.1240698},{0.59106696},{5.2967751},{1.7182214},{4.6823773},{4.6049721},{1.102152},{0.98776147},{2.2066628},{0.28903084},{5.1331359},{6.0766647},{5.3359902},{4.79685},{4.211864},{4.0971703},{3.4994656},{4.2289196},{2.1833838},{5.2908885},{3.4489636},{2.4597538},{0.055630634},{1.6458729},{5.3690224},{3.4327108},{4.5454569},{2.0144432},{0.99657565},{2.1333297},{3.0543424},{1.4452738},{5.41326},{4.5700694},{2.7477751},{5.0361158},{1.4031909},{4.4797874},{0.28792094},{5.780912},{1.3818296},{0.079622346},{0.14168031},{1.2419512},{5.2459606},{3.0191213},{4.1190759},{0.12932952},{4.7629933},{1.7884086},{3.3352342},{0.99257012},{5.4897863},{4.4196367},{3.1601833},{1.9826193},{6.065606},{1.3431388},{3.2338012},{2.8694185},{4.0121099},{4.6225946},{1.6645631},{0.34783688},{1.4331881},{4.1144174},{5.0388117},{2.0343889},{6.2744768},{0.24433872},{3.1321985}};
