k[x_,y_]:=Exp[-10*Sum[(x[[i]]-y[[i]])^2,{i,1,Length[x]}]];
b=1.02749;
alphay={0.0703967433810101,-0.1,-0.1,-0.1,-0.044713588909665,-0.0333668150837911,0.1,-0.0369474459316816,0.00781661910561641,0.0876408405817279,0.1,0.0491736468567833};
xlist={{3.1327996},{2.6093513},{3.8833121},{2.4735931},{4.9109722},{2.4597538},{3.0543424},{1.2419512},{4.1190759},{4.4196367},{3.1601833},{1.9826193}};
