k[x_,y_]:=Exp[-10*Sum[(x[[i]]-y[[i]])^2,{i,1,Length[x]}]];
b=1.0131;
alphay={0.00784438654288347,0.1,0.1,-0.1,0.0453798687293812,0.1,-0.1,-0.1,0.1,-0.1,0.1,-0.1,-0.1,-0.1,0.1,0.1,0.1,0.1,-0.1,-0.0467795834818277,0.1,0.1,0.1,-0.1,-0.1,0.1,-0.1,0.1,-0.1,0.1,-0.1,0.1,-0.00305325411390909,0.1,-0.1,-0.1,0.1,-0.1,0.1,-0.1,-0.1,0.0213241607166604,-0.1,0.1,-0.1,-0.0195662058712446,0.1,-0.1,-0.1,0.1,-0.00891038811387467,-0.0328669667864588,-0.1,-0.1,0.0832365794470755,-0.1,0.1,0.1,-0.1,-0.1,-0.1,-0.1,0.1,-0.1,0.0549562823329395,0.0411891120084328,0.1,0.1,0.1,0.1,0.1,-0.1,-0.1,-0.1,0.1,-0.1,0.1,-0.1,-0.1,-0.1,0.1,-0.1,-0.1,0.1,0.1,0.1,-0.0892768244808676,0.0696718734560151,-0.1,-0.1,0.0180260544036366,0.1,0.1,0.1,-0.1,0.0740247634068248,0.1,0.001188109194173,-0.1,-0.1,0.1,0.1,0.1,0.1,-0.0729142394029998,-0.0628009092810031,-0.0806728187058369};
xlist={{2.4546853},{4.9848066},{3.1772913},{0.66135807},{5.975306},{0.68183331},{1.3090798},{3.3685751},{4.3434217},{0.4072258},{3.1327996},{5.1873545},{2.0531295},{2.2190821},{0.28378615},{4.5614463},{3.3383598},{4.1472487},{2.6093513},{0.82916265},{6.18229},{4.7677898},{1.8859761},{4.1753719},{1.4935029},{0.78320274},{3.8833121},{0.18210352},{0.92804736},{5.9566648},{2.4358525},{3.4171664},{4.716947},{5.6259751},{2.4735931},{3.9117231},{2.2645348},{4.9545943},{1.3384962},{4.9109722},{5.1240698},{0.59106696},{5.2967751},{1.7182214},{4.6823773},{1.102152},{0.98776147},{2.2066628},{0.28903084},{5.1331359},{6.0766647},{5.3359902},{4.79685},{4.211864},{4.0971703},{3.4994656},{4.2289196},{2.1833838},{3.4489636},{2.4597538},{0.055630634},{1.6458729},{5.3690224},{3.4327108},{4.5454569},{2.0144432},{0.99657565},{2.1333297},{3.0543424},{1.4452738},{5.41326},{2.7477751},{5.0361158},{1.4031909},{4.9970912},{4.4797874},{0.28792094},{5.780912},{1.3818296},{2.0495031},{0.079622346},{0.14168031},{1.2419512},{3.0191213},{4.1190759},{4.7629933},{1.7884086},{3.3352342},{0.99257012},{5.4897863},{5.6673413},{4.4196367},{3.1601833},{1.9826193},{6.065606},{1.3431388},{3.2338012},{2.8694185},{4.0121099},{4.6225946},{1.6645631},{1.4331881},{5.0388117},{2.0343889},{6.2744768},{0.24433872},{3.1321985}};
