k[x_,y_]:=Exp[-10*Sum[(x[[i]]-y[[i]])^2,{i,1,Length[x]}]];
b=1.01342;
alphay={0.1,0.00154414183713824,0.0427815861541416,-0.0859790177536347,0.1,-0.0718468688144263,0.1,-0.1,0.1,0.0574894037478425,0.1,0.1,-0.1,0.0172909733624802,0.0635351207822543,-0.1,0.0300813880718695,-0.1,0.1,-0.1,0.1,-0.1,-0.056588932592031,-0.1,-0.1,-0.0123339160966278,-0.1,0.1,0.1,-0.0994231380920959,-0.1,0.1,-0.0267667054817406,-0.1,-0.1,-0.1,0.0231370069702322,0.1,-0.1,-0.0638421940815307,-0.025450427703158,-0.1,0.1,-0.0225159116828838,0.0224693330508331,0.0517458744155878,0.1,0.0377729857617621,0.1,-0.1,-0.1,-0.0352528877018698,0.1,-0.1,0.0578776141214127,-0.1,-0.1,0.1,0.1,0.1,-0.1,-0.1,0.1,0.1,0.1,-0.1,0.1,-0.1,-0.1,0.0942745717244442,0.1,0.1};
xlist={{4.9848066},{3.1772913},{5.975306},{1.3090798},{4.3434217},{0.4072258},{3.1327996},{5.1873545},{0.28378615},{4.5614463},{3.3383598},{4.1472487},{2.6093513},{6.18229},{4.7677898},{1.4935029},{0.78320274},{3.8833121},{5.9566648},{2.4358525},{5.6259751},{2.4735931},{3.9117231},{4.9545943},{4.9109722},{5.1240698},{5.2967751},{1.7182214},{0.98776147},{2.2066628},{0.28903084},{5.1331359},{5.3359902},{4.79685},{4.211864},{3.4994656},{4.2289196},{2.1833838},{3.4489636},{2.4597538},{0.055630634},{1.6458729},{5.3690224},{3.4327108},{0.99657565},{2.1333297},{3.0543424},{1.4452738},{5.41326},{2.7477751},{5.0361158},{4.4797874},{0.28792094},{5.780912},{0.079622346},{0.14168031},{1.2419512},{3.0191213},{4.1190759},{4.7629933},{0.99257012},{5.4897863},{4.4196367},{3.1601833},{1.9826193},{6.065606},{3.2338012},{4.0121099},{4.6225946},{1.6645631},{1.4331881},{5.0388117}};
