k[x_,y_]:=Exp[-0.1*Sum[(x[[i]]-y[[i]])^2,{i,1,Length[x]}]];
b=0.943188;
alphay={-1,1,1,0.0333574274463294,0.573149429397159,-1,0.0486915445054096,-1,0.344801598651102,-1,-1,-1,-1,1,-1,-1,1,-1,1,1,1,1,1,-1,1};
xlist={{2.4546853},{3.1772913},{3.1327996},{0.28378615},{3.3383598},{2.6093513},{1.8859761},{3.8833121},{5.9566648},{2.4358525},{2.4735931},{3.9117231},{4.9109722},{3.1515643},{3.4994656},{2.4597538},{3.0543424},{2.7477751},{3.0191213},{4.4196367},{3.1601833},{1.9826193},{3.2338012},{4.0121099},{3.1321985}};
