k[x_,y_]:=Exp[-0.1*Sum[(x[[i]]-y[[i]])^2,{i,1,Length[x]}]];
b=1.2883;
alphay={20.0022510296169,-100,-84.1689715413432,-100,-15.8310284586569,9.13200615955031,100,100,70.8657428108329};
xlist={{3.1327996},{2.6093513},{3.8833121},{2.4735931},{2.4597538},{5.3690224},{3.0543424},{3.1601833},{1.9826193}};
