k[x_,y_]:=Exp[-100*Sum[(x[[i]]-y[[i]])^2,{i,1,Length[x]}]];
b=1.0097;
alphay={1,1,-0.134846907753859,-0.684285186358636,0.615027912614566,-1,-1,-0.108307299820323,-0.528922458194491,-0.382727904217657,-0.0527487964386973,1,1,1,1,-0.297812865005429,-0.00601417323918174,0.0522106503209733,-0.727000715103997,-0.344237710420429,-0.944671199050745,-0.080308418630356,1,-0.107003201119822,0.147442974371408,-0.732541260083781,1,-0.452371899697804,0.0882397553281716,-1,0.748179008140673,0.166222871471106,-0.782602353350922,1,0.0234163512172249,-0.717966957832919,0.222115153292942,-1,-0.118701263774621,0.0282292260852794,-0.0440117446037237,1,-1,-1,1,0.965886809591794,-0.848895770067866,-0.716842386710608,-0.868689100258792,-0.164218391228276,-0.129265329501418,1,1,1,-0.107683122029767,0.304440095362352,-0.687658692955293,-0.822381374883461,1,-0.435673749248087,0.0712932154056745,-1,0.0757852715355959,-0.0902168560255824,0.4342023267337,0.163104262676922,-0.209312461487605,-0.783986751996675,-0.172734523298379,-1,-0.785218971527534,-0.495306494830161,0.782576504513017,-0.0482767934711376,-1,1,-1,-0.057238825795791,0.316734155841571,0.0715038561373315,1,0.00598943460746015,1,0.0712301872611675,-0.175645718614306,-1,-0.103983653628018,0.609747680679962,1,0.587693643026183,-1,0.763367084229377,0.00697820454760267,0.104024338510182,-0.213202893411992,1,-0.214245910622106,1,-1,0.577237712660439,0.997121313837325,-1,-0.622239913709751};
xlist={{2.4546853},{4.9848066},{3.1772913},{0.66135807},{0.68183331},{1.3090798},{3.3685751},{4.3434217},{5.1873545},{2.0531295},{2.2190821},{0.28378615},{4.5614463},{3.3383598},{4.1472487},{2.6093513},{6.18229},{1.8859761},{4.1753719},{1.4935029},{3.8833121},{0.56133996},{0.18210352},{0.92804736},{5.9566648},{2.4358525},{3.4171664},{4.716947},{5.6259751},{2.4735931},{3.9117231},{2.2645348},{4.9545943},{1.3384962},{4.9109722},{5.1240698},{0.59106696},{5.2967751},{1.7182214},{4.6823773},{1.102152},{0.98776147},{2.2066628},{0.28903084},{5.1331359},{6.0766647},{5.3359902},{4.79685},{4.211864},{4.0971703},{3.4994656},{4.2289196},{2.1833838},{5.2908885},{3.4489636},{2.4597538},{0.055630634},{1.6458729},{5.3690224},{3.4327108},{4.5454569},{2.0144432},{0.99657565},{2.1333297},{3.0543424},{1.4452738},{5.41326},{4.5700694},{2.7477751},{5.0361158},{1.4031909},{4.4797874},{0.28792094},{5.780912},{1.3818296},{0.079622346},{0.14168031},{1.2419512},{5.2459606},{3.0191213},{4.1190759},{0.12932952},{4.7629933},{1.7884086},{3.3352342},{0.99257012},{5.4897863},{4.4196367},{3.1601833},{1.9826193},{6.065606},{1.3431388},{3.2338012},{2.8694185},{4.0121099},{1.6645631},{0.34783688},{1.4331881},{4.1144174},{5.0388117},{2.0343889},{0.24433872},{3.1321985}};
