k[x_,y_]:=Exp[-1*Sum[(x[[i]]-y[[i]])^2,{i,1,Length[x]}]];
b=1.02128;
alphay={-10.9205883416623,-0.288883743585335,0.941032355780967,-1.62318596001552,-14.7557217409375,0.557778206754391,-2.41162021379928,4.46417229775451,18.439001022821,5.59801611688918};
xlist={{2.6093513},{1.4935029},{0.78320274},{4.9109722},{3.4994656},{5.3690224},{1.2419512},{4.1190759},{3.1601833},{1.9826193}};
