k[x_,y_]:=Exp[-1*Sum[(x[[i]]-y[[i]])^2,{i,1,Length[x]}]];
b=1.00191;
alphay={-1,1,0.635776508269131,-1,-1,1,-0.263444786878163,1,-1,1,1,0.055285802596355,-1,0.260256374346285,1,-1,1,-1,0.523958869099297,-1,-1,1,-1,-1,-0.0233383853044245,-1,-1,1,1,1,-1,-1,-1,-1,1,-1,-1,1,-1,0.091647262996263,1,-0.59397445789523,1,1,1,1,-1,-1,-1,-1,-1,1,0.174638211605525,-1,1,1,1,-0.119242369922182,1,1,1,-1,1,-1,-1,0.258436971087144,1,1};
xlist={{2.4546853},{3.1772913},{0.68183331},{1.3090798},{3.3685751},{4.3434217},{0.4072258},{3.1327996},{2.2190821},{4.5614463},{3.3383598},{4.1472487},{2.6093513},{6.18229},{1.8859761},{1.4935029},{0.78320274},{3.8833121},{5.9566648},{2.4358525},{3.4171664},{5.6259751},{2.4735931},{3.9117231},{2.2645348},{4.9545943},{4.9109722},{1.7182214},{3.1515643},{0.98776147},{2.2066628},{0.28903084},{4.79685},{3.4994656},{4.2289196},{3.4489636},{2.4597538},{5.3690224},{3.4327108},{4.5454569},{2.0144432},{2.8172866},{0.99657565},{2.1333297},{3.0543424},{5.41326},{2.7477751},{5.0361158},{1.4031909},{5.780912},{1.3818296},{2.0495031},{0.079622346},{1.2419512},{3.0191213},{1.8690259},{4.1190759},{5.4897863},{4.4196367},{3.1601833},{1.9826193},{6.065606},{3.2338012},{4.0121099},{1.3377643},{1.6645631},{2.0343889},{3.1321985}};
