k[x_,y_]:=Exp[-1*Sum[(x[[i]]-y[[i]])^2,{i,1,Length[x]}]];
b=1.03962;
alphay={100,-20.1127427057508,2.97023426345508,4.22909861903092,76.487344444023,16.3825970486284,-100,18.8134859055399,-38.9868514601095,100,37.4286758325933,-100,-100,32.8915008100999,100,-100,100,-100,-100,100,100,-100,-100,-4.36235556574935,0.66767617191555,-47.7490468415546,3.41450736394252,100,-22.6395762264343,-100,100,100,-91.1539289751072,-74.9954982252944,100,6.71487954077118};
xlist={{4.9848066},{0.66135807},{5.975306},{0.28378615},{3.3383598},{4.1472487},{2.6093513},{6.18229},{3.8833121},{5.9566648},{2.2645348},{4.9109722},{5.2967751},{0.98776147},{5.1331359},{3.4994656},{2.1833838},{3.4489636},{1.6458729},{5.3690224},{3.0543424},{2.7477751},{4.4797874},{5.780912},{0.079622346},{1.2419512},{3.0191213},{4.1190759},{1.7884086},{5.4897863},{4.4196367},{3.1601833},{6.065606},{4.6225946},{1.4331881},{5.0388117}};
