k[x_,y_]:=Exp[-100*Sum[(x[[i]]-y[[i]])^2,{i,1,Length[x]}]];
b=1.01813;
alphay={0.832440911350157,0.267069669850501,-0.642850982349996,-0.0754030038700126,0.954792210920794,0.0772703798094072,0.724490190364202,-0.296304081988283,-0.0584714830627835,0.0908040408940229,-1.02116882016792,-0.0489328670898036,0.00749935116897116,-0.323476762725706,-0.138873042809301,-0.0596990570717257,0.230636318988958,0.0357227962367591,-0.293579896213952,0.0651901447190522,-0.405604882441906,-0.106468433820305,-0.054690535529096,0.108960664020763,2.52389973650885,-1.22719597534344,2.43652730168498,-0.201605055834993,-0.128329446956335,0.381662476448694,0.0169995477173581,0.28789095527874,0.0325361114419065,0.048868102123155,-0.130811249887187,-10,-0.0816497877306935,0.255492223775734,-0.0150231521135897,-0.089946387380947,-0.0303541537959351,-0.165046236151341,0.276004229943057,10,0.00275404260858423,-2.45819455239155,-0.0824686402393741,0.278929665954102,0.362351133202136,0.153580115944174,-2.57729596457327,0.0156477111549372,0.0405889533181827,0.000398153273411972,0.0807371462308504,-9.28655554846055,9.41025571506758};
xlist={{4.9848066},{5.975306},{3.3685751},{2.2190821},{0.28378615},{4.5614463},{3.3383598},{2.6093513},{6.18229},{1.8859761},{4.1753719},{1.4935029},{0.78320274},{3.8833121},{0.92804736},{2.4358525},{3.4171664},{5.6259751},{2.4735931},{3.9117231},{4.9109722},{5.1240698},{5.2967751},{1.7182214},{0.98776147},{0.28903084},{6.0766647},{5.3359902},{3.4994656},{4.2289196},{2.1833838},{5.3690224},{2.1333297},{3.0543424},{2.7477751},{5.0361158},{4.4797874},{0.28792094},{5.780912},{1.3818296},{0.14168031},{1.2419512},{3.0191213},{4.1190759},{4.7629933},{0.99257012},{5.4897863},{4.4196367},{3.1601833},{1.9826193},{6.065606},{3.2338012},{2.8694185},{1.6645631},{1.4331881},{4.1144174},{5.0388117}};
