k[x_,y_]:=Exp[-0.01*Sum[(x[[i]]-y[[i]])^2,{i,1,Length[x]}]];
b=0.929759;
alphay={-11.4855265103141,-18.5144734896859,30};
xlist={{3.8833121},{2.4735931},{3.1601833}};
