k[x_,y_]:=Exp[-100*Sum[(x[[i]]-y[[i]])^2,{i,1,Length[x]}]];
b=1.02067;
alphay={0.181007902701592,-0.0247889802823714,-0.0190175751853045,0.0273785036944459,0.234980492882167,-0.286685301380942,0.0783803596619396,-2.75609978220844,-0.293541032864833,0.0430017648745379,-0.04747313604933,0.010819747404244,-0.292816843164965,-0.0189209663613092,-0.231138413527219,-0.119250629502066,0.0924329540912349,-0.00239056848435348,-0.00981285633552209,0.251506439508421,-0.0726842061357561,0.898086611394972,0.118022368767264,0.00519522505969686,0.0773667460575711,-0.115757256573044,-0.180367425749607,-0.0294523111356623,-0.159728744215841,0.242847655464383,26.6832039461963,-0.0182755512700222,-0.0437610299987678,0.200691019215848,0.301065058231293,0.143843092727261,-0.31652087748746,0.103865212188453,0.0218297363171746,0.284475163561249,-24.9615165120872};
xlist={{4.9848066},{3.3685751},{2.2190821},{4.5614463},{3.3383598},{2.6093513},{1.8859761},{4.1753719},{3.8833121},{5.9566648},{2.4358525},{5.6259751},{2.4735931},{2.2645348},{4.9109722},{5.2967751},{1.7182214},{1.102152},{0.28903084},{6.0766647},{3.4994656},{4.2289196},{5.3690224},{2.1333297},{3.0543424},{2.7477751},{5.0361158},{1.3818296},{1.2419512},{3.0191213},{4.1190759},{0.99257012},{5.4897863},{4.4196367},{3.1601833},{1.9826193},{6.065606},{3.2338012},{2.8694185},{4.0121099},{4.1144174}};
