k[x_,y_]:=Exp[-0.1*Sum[(x[[i]]-y[[i]])^2,{i,1,Length[x]}]];
b=0.242413;
alphay={-1000,1000,549.203343910579,1000,-1000,1000,-1000,-1000,-1000,-1000,769.478565357626,1000,-1000,-1000,-1000,-63.013438144495,-305.059939180466,1000,-1000,-584.791605981014,1000,1000,1000,1000,-47.1350166940179,681.318090731791,-1000,1000};
xlist={{2.4546853},{3.1772913},{4.3434217},{3.1327996},{2.6093513},{1.8859761},{3.8833121},{2.4358525},{2.4735931},{3.9117231},{1.7182214},{3.1515643},{3.4994656},{3.4489636},{2.4597538},{3.4327108},{2.8172866},{3.0543424},{2.7477751},{1.2419512},{3.0191213},{4.4196367},{3.1601833},{1.9826193},{6.065606},{3.2338012},{4.0121099},{3.1321985}};
