k[x_,y_]:=Exp[-10*Sum[(x[[i]]-y[[i]])^2,{i,1,Length[x]}]];
b=1.02583;
alphay={0.0360753838648805,-0.1,-0.0957981118304626,-0.1,-0.00420188816953742,0.1,0.052788479884831,0.1,0.0111361362502885};
xlist={{3.1327996},{2.6093513},{3.8833121},{2.4735931},{4.9109722},{3.0543424},{4.4196367},{3.1601833},{1.9826193}};
