k[x_,y_]:=Exp[-100*Sum[(x[[i]]-y[[i]])^2,{i,1,Length[x]}]];
b=1.0457;
alphay={-0.003,0.003};
xlist={{2.4735931},{3.1601833}};
