k[x_,y_]:=Exp[-10*Sum[(x[[i]]-y[[i]])^2,{i,1,Length[x]}]];
b=1.0457;
alphay={-0.0003,0.0003};
xlist={{2.4735931},{3.1601833}};
