k[x_,y_]:=Exp[-10*Sum[(x[[i]]-y[[i]])^2,{i,1,Length[x]}]];
b=1.0246;
alphay={-0.0549916710661616,-0.0843901853789407,-0.160618143554898,0.00404349442146177,0.042697589018403,0.246533119269259,0.00672579729087601};
xlist={{2.6093513},{3.8833121},{2.4735931},{3.0543424},{4.4196367},{3.1601833},{1.9826193}};
