k[x_,y_]:=Exp[-100*Sum[(x[[i]]-y[[i]])^2,{i,1,Length[x]}]];
b=1.02283;
alphay={0.106767785072208,0.0489594076675875,-0.0100043266505981,0.0196966679011715,0.201509542641423,-0.282156966831768,0.0716150212277958,-0.243335478862502,0.0122262208108738,-0.0424820244735438,-0.291735721037916,-0.0197175931396713,-0.194158875977697,-0.0992616295724037,0.0827012466495169,-0.00378996803893528,-0.0692111894983501,0.0934858646752117,0.0795105998516041,-0.108143994522371,-0.125394457618912,-0.0247566839552534,-0.155007793625835,0.23300788063229,1.32291551466035,-0.0136094178382162,-0.0305273303393417,0.181757196348315,0.29148436055579,0.137011878148003,-0.0525840631648121,0.106558757617832,0.0107920555400217,-0.0368001994770428,-1.19732228537483};
xlist={{4.9848066},{4.3434217},{2.2190821},{4.5614463},{3.3383598},{2.6093513},{1.8859761},{3.8833121},{5.9566648},{2.4358525},{2.4735931},{2.2645348},{4.9109722},{5.2967751},{1.7182214},{0.28903084},{3.4994656},{5.3690224},{3.0543424},{2.7477751},{5.0361158},{1.3818296},{1.2419512},{3.0191213},{4.1190759},{0.99257012},{5.4897863},{4.4196367},{3.1601833},{1.9826193},{6.065606},{3.2338012},{2.8694185},{4.0121099},{4.1144174}};
