k[x_,y_]:=Exp[-10*Sum[(x[[i]]-y[[i]])^2,{i,1,Length[x]}]];
b=1.00802;
alphay={0.63292717368018,1,0.237434497056945,0.295850642250927,-1,0.146027177848445,-0.649101953983898,-0.93617743704421,-1,-0.201208655791693,1,0.80687983413469,1,1,0.29436888714727,1,-0.509391026955336,-1,-0.944214387609008,-0.868287394050753,1,0.797581320080328,0.903090846285319,-1,1,0.321333983624487,-1,0.855979406112483,-1,-0.0213121095603672,-1,0.914731656555263,-0.0832947538165356,1,-1,-1,1,-1,-1,1,-0.785958417338501,-0.455085520775999,-1,1,1,0.279945962246136,0.559052438070516,-0.196134446273114,-1,0.492556016458395,-1,1,-1,-0.387851523718128,1,-1,-1,0.551214630492467,1,1,-0.895151754660321,-1,-1,1,0.911025527956147,1,-1,-1,-1,1,1,1,-0.0668306184221378,-1};
xlist={{2.4546853},{4.9848066},{5.975306},{0.68183331},{3.3685751},{4.3434217},{0.4072258},{5.1873545},{2.0531295},{2.2190821},{0.28378615},{4.5614463},{3.3383598},{4.1472487},{6.18229},{4.7677898},{4.1753719},{1.4935029},{3.8833121},{0.92804736},{5.9566648},{3.4171664},{5.6259751},{2.4735931},{3.9117231},{2.2645348},{4.9545943},{1.3384962},{4.9109722},{5.1240698},{5.2967751},{1.7182214},{4.6823773},{0.98776147},{2.2066628},{0.28903084},{5.1331359},{4.79685},{4.211864},{2.1833838},{3.4489636},{0.055630634},{1.6458729},{5.3690224},{0.99657565},{2.1333297},{5.41326},{2.7477751},{5.0361158},{4.9970912},{4.4797874},{0.28792094},{5.780912},{1.3818296},{0.079622346},{0.14168031},{1.2419512},{3.0191213},{4.1190759},{4.7629933},{1.7884086},{0.99257012},{5.4897863},{4.4196367},{3.1601833},{1.9826193},{6.065606},{4.0121099},{4.6225946},{1.6645631},{1.4331881},{5.0388117},{0.24433872},{3.1321985}};
