k[x_,y_]:=Exp[-1*Sum[(x[[i]]-y[[i]])^2,{i,1,Length[x]}]];
b=1.05337;
alphay={-1.96603867039576,-0.925107785577962,1.7662677589731,-0.108853544026276,0.394165738138122,0.136465315331639,0.703101187557141};
xlist={{2.6093513},{3.8833121},{3.0543424},{1.2419512},{4.4196367},{3.1601833},{1.9826193}};
