k[x_,y_]:=Exp[-0.1*Sum[(x[[i]]-y[[i]])^2,{i,1,Length[x]}]];
b=-0.270086;
alphay={-1000,1000,1000,1000,1000,-1000,-1000,1000,-1000,1000,-1000,1000,-1000,1000,1000,1000,1000,-1000,808.546227878632,580.710448944859,1000,-1000,1000,-1000,1000,-1000,1000,-1000,-1000,-1000,1000,-1000,-1000,-1000,-1000,-1000,-1000,-1000,-1000,1000,-1000,1000,1000,-1000,1000,-1000,1000,-1000,-1000,1000,617.102837268703,-1000,-471.677117774279,-1000,-1000,1000,-355.174241470472,-1000,-1000,-1000,1000,1000,-1000,1000,1000,-1000,1000,1000,1000,1000,1000,-1000,-1000,-1000,-1000,1000,1000,-1000,-1000,1000,1000,-1000,-1000,1000,1000,1000,210.7756562148,1000,1000,1000,-1000,-1000,1000,1000,1000,1000,-1000,-1000,1000,-1000,-1000,-68.4932005332691,-1000,1000,-321.790610528984,1000,-1000,1000,-1000,-1000,1000};
xlist={{2.4546853},{4.9848066},{3.1772913},{5.975306},{0.68183331},{1.3090798},{3.3685751},{4.3434217},{0.4072258},{3.1327996},{5.1873545},{2.0531295},{2.2190821},{0.28378615},{4.5614463},{3.3383598},{4.1472487},{2.6093513},{0.82916265},{6.18229},{1.8859761},{1.4935029},{0.78320274},{3.8833121},{0.18210352},{0.92804736},{5.9566648},{2.4358525},{3.4171664},{4.716947},{5.6259751},{2.4735931},{3.9117231},{2.2645348},{4.9545943},{1.3384962},{5.1201746},{4.9109722},{5.1240698},{0.59106696},{5.2967751},{1.7182214},{3.1515643},{4.6823773},{4.6049721},{1.102152},{0.98776147},{2.2066628},{0.28903084},{5.1331359},{5.3359902},{4.79685},{4.211864},{4.0971703},{3.4994656},{4.2289196},{2.1833838},{3.4489636},{2.4597538},{0.055630634},{1.6458729},{5.3690224},{3.4327108},{4.5454569},{2.0144432},{2.8172866},{0.99657565},{2.1333297},{3.0543424},{5.41326},{4.5700694},{2.7477751},{5.0361158},{1.4031909},{4.9970912},{4.4797874},{0.28792094},{5.780912},{1.3818296},{2.0495031},{0.079622346},{0.14168031},{1.2419512},{3.0191213},{1.8690259},{4.1190759},{0.12932952},{4.7629933},{1.7884086},{3.3352342},{0.99257012},{5.4897863},{5.6673413},{4.4196367},{3.1601833},{1.9826193},{6.065606},{1.3431388},{3.2338012},{2.8694185},{4.0121099},{4.6225946},{1.3377643},{1.6645631},{0.34783688},{1.4331881},{4.1144174},{2.0343889},{6.2744768},{0.24433872},{3.1321985}};
