k[x_,y_]:=Exp[-0.1*Sum[(x[[i]]-y[[i]])^2,{i,1,Length[x]}]];
b=1.08502;
alphay={-1000,-1000,-973.646979903435,-26.3530200965684,7.79521995815147,967.233102172986,298.188342751433,1000,726.783335117428};
xlist={{2.6093513},{3.8833121},{2.4735931},{0.055630634},{5.3690224},{3.0543424},{4.4196367},{3.1601833},{1.9826193}};
