k[x_,y_]:=Exp[-1*Sum[(x[[i]]-y[[i]])^2,{i,1,Length[x]}]];
b=1.10529;
alphay={1000,-5.77981842012833,73.2146665529739,-407.776048243388,-52.9783379344169,26.3016213781282,1000,113.887879006078,292.966268019971,1000,1000,-1000,-1000,306.410989165008,531.508638465345,-1000,827.998629256457,-1000,1000,748.937706726805,104.769779600903,-847.051149498134,-513.899393733898,-1000,-764.116228036425,2.42266063478472,-1000,-910.778769421038,1000,971.581161193586,-1000,1000,-1000,-497.620254712579,1000};
xlist={{4.9848066},{0.66135807},{5.975306},{3.3685751},{0.4072258},{0.28378615},{3.3383598},{4.1472487},{6.18229},{5.9566648},{5.6259751},{4.9109722},{5.2967751},{0.98776147},{5.1331359},{4.211864},{2.1833838},{3.4489636},{5.3690224},{3.0543424},{1.4452738},{2.7477751},{5.0361158},{4.4797874},{5.780912},{0.079622346},{1.2419512},{1.8690259},{4.1190759},{4.7629933},{5.4897863},{4.4196367},{6.065606},{4.6225946},{1.4331881}};
