k[x_,y_]:=Exp[-10*Sum[(x[[i]]-y[[i]])^2,{i,1,Length[x]}]];
b=0.879078;
alphay={1000,1000,-1000,-762.679990096571,-1000,-464.574514549413,-481.668634295045,491.528250243863,-1000,-1000,1000,1000,1000,1000,-0.677289480536658,46.3832758945909,1000,1000,-901.044194607863,-870.262899091558,790.741444854491,-653.379770759355,444.696138651742,807.052074991334,-993.531223110779,1000,-762.566771027316,1000,471.712794929541,-1000,1000,486.353104427381,-454.399181039731,1000,-1000,-1000,-1000,333.773963166321,-1000,783.769101436536,-658.288851724567,-1000,972.000514345943,1000,-673.826542402652,-1000,1000,890.521950109211,-1000,-905.557483667255,-1000,1000,1000,-157.63022655462,-374.578678751845,731.627403311131,-543.211851315826,-1000,1000,-404.935512925711,-483.686707819502,201.6531473059,735.88650467386,1000,538.886501996055,1000,913.29445697115,-0.804654478850755,-1000,-1000,1000,-1000,1000,-321.053898217227,-1000,-1000,1000,-1000,-380.608740319054,1000,-771.56902852444,1000,1.56301300085805,1000,-1000,-837.147096067741,-1000,-1000,1000,1000,1000,-1000,82.8471939267423,435.376411627913,-285.518672272777,-668.745150477817,-1000,1000,1000,-685.714802789508,617.07095989689,749.128336036278,-28.2041754301703,-1000,-1000};
xlist={{2.4546853},{4.9848066},{0.66135807},{5.975306},{3.3685751},{4.3434217},{0.4072258},{5.1873545},{2.0531295},{2.2190821},{0.28378615},{4.5614463},{3.3383598},{4.1472487},{2.6093513},{6.18229},{4.7677898},{1.8859761},{4.1753719},{1.4935029},{0.78320274},{3.8833121},{0.56133996},{0.18210352},{0.92804736},{5.9566648},{2.4358525},{3.4171664},{5.6259751},{2.4735931},{3.9117231},{2.2645348},{4.9545943},{1.3384962},{5.1201746},{4.9109722},{5.1240698},{0.59106696},{5.2967751},{1.7182214},{3.1515643},{4.6823773},{4.6049721},{0.98776147},{2.2066628},{0.28903084},{5.1331359},{6.0766647},{5.3359902},{4.79685},{4.211864},{4.2289196},{2.1833838},{5.2908885},{3.4489636},{2.4597538},{0.055630634},{1.6458729},{5.3690224},{4.5454569},{2.0144432},{2.8172866},{0.99657565},{2.1333297},{3.0543424},{1.4452738},{5.41326},{2.7477751},{5.0361158},{1.4031909},{4.9970912},{4.4797874},{0.28792094},{5.780912},{1.3818296},{2.0495031},{0.079622346},{0.14168031},{1.2419512},{5.2459606},{1.8690259},{4.1190759},{0.12932952},{4.7629933},{1.7884086},{3.3352342},{0.99257012},{5.4897863},{4.4196367},{3.1601833},{1.9826193},{6.065606},{1.3431388},{3.2338012},{2.8694185},{4.0121099},{4.6225946},{1.6645631},{1.4331881},{4.1144174},{5.0388117},{2.0343889},{6.2744768},{0.24433872},{3.1321985}};
