k[x_,y_]:=Exp[-10*Sum[(x[[i]]-y[[i]])^2,{i,1,Length[x]}]];
b=1.00576;
alphay={6.65105720389097,0.043008834479137,-0.149525234476566,0.00155233035536384,1.48238528536462,-0.238187835436213,-7.85132318712817,-8.68848202700808,0.032187569646214,-3.29866112606879,-0.0894988854269362,11.7090978188757,0.126305300546041,-0.180003197526268,4.65690925029437,3.40905541760865,-5.59833475178823,1.33256674488457,0.313179408850041,0.186961759326384,-0.0943152791757936,-2.20649533874453,-1.60517313722044,0.0557330758779802};
xlist={{4.9848066},{3.3383598},{2.6093513},{6.18229},{5.6259751},{2.4735931},{4.9109722},{5.2967751},{0.98776147},{4.211864},{3.4994656},{5.3690224},{3.0543424},{1.2419512},{4.1190759},{4.7629933},{5.4897863},{4.4196367},{3.1601833},{1.9826193},{6.065606},{4.0121099},{4.6225946},{1.4331881}};
