k[x_,y_]:=Exp[-0.1*Sum[(x[[i]]-y[[i]])^2,{i,1,Length[x]}]];
b=0.824379;
alphay={-18.5057464662742,1.47755040772242,-11.4942535337258,0.406389620013952,28.1160599722636};
xlist={{2.6093513},{0.78320274},{3.8833121},{5.9566648},{3.1601833}};
