k[x_,y_]:=Exp[-1*Sum[(x[[i]]-y[[i]])^2,{i,1,Length[x]}]];
b=1.02278;
alphay={5.29504143497616,-5.8776665268698,-6.34136402091043,10,10,-10,1.97245592527148,-10,-10,-10,-10,-10,10,10,5.01933504683843,-3.38385419646747,-10,10,-10,-10,-5.98734964524879,10,-10,6.78691912365117,10,10,-10,-7.28525953903391,2.14179070968818,-10,10,10,10,10,10,-1.5215782242425,-9.78678477321357,8.96831468556105};
xlist={{3.1772913},{3.3685751},{0.4072258},{3.1327996},{4.1472487},{2.6093513},{6.18229},{1.4935029},{3.8833121},{2.4358525},{2.4735931},{4.9109722},{3.1515643},{0.98776147},{5.1331359},{4.79685},{3.4994656},{2.1833838},{3.4489636},{2.4597538},{1.6458729},{5.3690224},{3.4327108},{0.99657565},{2.1333297},{3.0543424},{2.7477751},{5.780912},{0.079622346},{1.2419512},{3.0191213},{4.1190759},{4.4196367},{3.1601833},{1.9826193},{4.0121099},{4.6225946},{2.0343889}};
