k[x_,y_]:=Exp[-1*Sum[(x[[i]]-y[[i]])^2,{i,1,Length[x]}]];
b=1.00431;
alphay={-0.307913053835911,1,0.121373972249999,0.795089845631638,1,-1,0.0278700236752573,0.111715600367499,-1,-1,-1,-1,-1,1,-1,-1,-1,0.166944479298498,-0.692086946164089,1,1,-1,-1,1,0.686408105338186,1,1,1,1,0.0905979734389235};
xlist={{2.4546853},{3.1772913},{0.68183331},{4.3434217},{3.1327996},{2.6093513},{1.8859761},{0.78320274},{3.8833121},{2.4358525},{2.4735931},{3.9117231},{4.9109722},{3.1515643},{3.4994656},{3.4489636},{2.4597538},{5.3690224},{3.4327108},{2.0144432},{3.0543424},{2.7477751},{1.2419512},{3.0191213},{4.1190759},{4.4196367},{3.1601833},{1.9826193},{2.0343889},{3.1321985}};
