k[x_,y_]:=Exp[-10*Sum[(x[[i]]-y[[i]])^2,{i,1,Length[x]}]];
b=1.00526;
alphay={934.390948330009,-0.071058619959826,1.98683558532497,-0.141436861989245,52.5527997243061,109.752945262625,219.821801347663,-0.262761110995751,26.2080010794507,-315.2237802931,-690.9911145876,0.0887676890942819,522.857320968959,-113.836001816105,-2.46789837239923,770.900593687042,-1000,-99.7263727980015,-122.802291596142,-0.276282520153722,0.221108790769269,185.27488643982,57.5659500217213,-410.412129473754,118.046070953192,0.2018309608706,-99.9488336133549,-84.675297335745,0.130139159114481,-43.5003891139767,-15.3888425993211,-0.275509287412309};
xlist={{4.9848066},{3.1772913},{3.3383598},{2.6093513},{6.18229},{5.9566648},{5.6259751},{2.4735931},{3.9117231},{4.9109722},{5.2967751},{0.98776147},{5.1331359},{4.211864},{3.4994656},{5.3690224},{5.0361158},{4.4797874},{5.780912},{1.2419512},{3.0191213},{4.1190759},{4.7629933},{5.4897863},{4.4196367},{1.9826193},{6.065606},{4.0121099},{1.4331881},{4.1144174},{6.2744768},{3.1321985}};
