k[x_,y_]:=Exp[-1*Sum[(x[[i]]-y[[i]])^2,{i,1,Length[x]}]];
b=0.961827;
alphay={-2.06238694017727,10,9.51224947498783,-10,0.751404854913978,-10,-10,-3.19935923852238,-10,-10,7.82385884666151,10,-10,10,-10,-10,-1.09462379045942,10,-9.98025459291254,10,10,-10,-4.71278273710825,-6.00034884372169,10,10,1.91248682343664,10,10,-2.95024385709841};
xlist={{0.4072258},{3.1327996},{4.1472487},{2.6093513},{6.18229},{1.4935029},{3.8833121},{2.4358525},{2.4735931},{4.9109722},{3.1515643},{0.98776147},{3.4994656},{2.1833838},{3.4489636},{2.4597538},{1.6458729},{5.3690224},{3.4327108},{2.1333297},{3.0543424},{2.7477751},{5.780912},{1.2419512},{3.0191213},{4.1190759},{4.4196367},{3.1601833},{1.9826193},{4.6225946}};
