k[x_,y_]:=Exp[-0.01*Sum[(x[[i]]-y[[i]])^2,{i,1,Length[x]}]];
b=3.72171;
alphay={-1000,1000,1000,106.064490456497,-1000,1000,1000,-1000,-1000,892.902520042449,1000,1000,1000,-1000,1.03298950105077,1000,1000,-1000,1000,-1000,1000,-1000,-1000,-1000,-1000,-1000,-1000,-1000,-1000,1000,1000,-171.481606925062,-1000,-1000,-1000,1000,-1000,-1000,1000,1000,-1000,1000,-1000,-1000,-1000,-508.060846991054,-1000,-1000,1000,1000,1000,1000,1000,1000,1000,1000,-320.457546083895,-1000,1000,-1000,-1000,1000,1000,1000};
xlist={{2.4546853},{3.1772913},{5.975306},{0.68183331},{1.3090798},{4.3434217},{3.1327996},{5.1873545},{2.2190821},{0.28378615},{4.5614463},{3.3383598},{4.1472487},{2.6093513},{6.18229},{1.8859761},{0.78320274},{3.8833121},{5.9566648},{2.4358525},{5.6259751},{2.4735931},{3.9117231},{2.2645348},{4.9545943},{5.1201746},{4.9109722},{5.1240698},{5.2967751},{1.7182214},{3.1515643},{1.102152},{2.2066628},{4.79685},{3.4994656},{4.2289196},{3.4489636},{2.4597538},{5.3690224},{2.0144432},{2.8172866},{3.0543424},{2.7477751},{5.0361158},{1.4031909},{4.9970912},{1.3818296},{1.2419512},{3.0191213},{1.8690259},{4.1190759},{1.7884086},{3.3352342},{4.4196367},{3.1601833},{1.9826193},{6.065606},{1.3431388},{3.2338012},{4.0121099},{1.3377643},{1.6645631},{2.0343889},{3.1321985}};
