k[x_,y_]:=Exp[-1*Sum[(x[[i]]-y[[i]])^2,{i,1,Length[x]}]];
b=1.03489;
alphay={-0.1,0.1,-0.1,0.1,0.1,-0.1,0.1,0.1,-0.1,0.1,0.044969596645289,-0.1,-0.1,0.0700441817117619,-0.1,-0.1,-0.1,-0.1,-0.1,0.1,0.1,-0.0429318435256205,-0.1,0.0346057985118833,-0.1,-0.1,0.1,-0.1,0.1,-0.0923287327129149,0.1,-0.1,-0.1,-0.1,-0.1,-0.1,0.1,0.1,0.1,0.1,0.1,0.1,0.1,-0.0780219245000898,0.1,-0.1,0.0636629238696911,0.1,0.1};
xlist={{2.4546853},{3.1772913},{1.3090798},{4.3434217},{3.1327996},{2.2190821},{4.5614463},{3.3383598},{2.6093513},{1.8859761},{0.78320274},{3.8833121},{2.4358525},{5.6259751},{2.4735931},{3.9117231},{2.2645348},{4.9545943},{4.9109722},{1.7182214},{3.1515643},{4.79685},{3.4994656},{4.2289196},{3.4489636},{2.4597538},{5.3690224},{3.4327108},{2.0144432},{2.8172866},{3.0543424},{2.7477751},{5.0361158},{1.4031909},{1.3818296},{1.2419512},{3.0191213},{1.8690259},{4.1190759},{1.7884086},{4.4196367},{3.1601833},{1.9826193},{6.065606},{3.2338012},{4.0121099},{1.6645631},{2.0343889},{3.1321985}};
