k[x_,y_]:=Exp[-0.1*Sum[(x[[i]]-y[[i]])^2,{i,1,Length[x]}]];
b=1.26866;
alphay={-100,100,43.5392423583335,100,-100,100,-100,-100,-100,-100,-5.83161372228895,56.4607576416663,100,-100,-100,-100,-1.5089166751081,-51.979003780027,100,-100,-40.6804658225758,100,100,100,100,100,-100,100};
xlist={{2.4546853},{3.1772913},{4.3434217},{3.1327996},{2.6093513},{1.8859761},{3.8833121},{2.4358525},{2.4735931},{3.9117231},{4.9109722},{1.7182214},{3.1515643},{3.4994656},{3.4489636},{2.4597538},{0.055630634},{2.8172866},{3.0543424},{2.7477751},{1.2419512},{3.0191213},{4.4196367},{3.1601833},{1.9826193},{3.2338012},{4.0121099},{3.1321985}};
