k[x_,y_]:=Exp[-100*Sum[(x[[i]]-y[[i]])^2,{i,1,Length[x]}]];
b=1.02135;
alphay={0.17557484731376,-0.0168325097935649,0.0520555300862919,-0.0175260034414731,0.0273751500246874,0.226645621895722,-0.286763921772551,0.0773423638710299,-0.246444564535634,0.0310844469164904,-0.0473035520877701,0.00934464834317117,-0.292769382944513,-0.0200664909722741,-0.228796096631977,-0.117419997793579,0.0907924546428632,-0.00268278277057856,-0.00978901107931124,0.105574460020469,-0.0736941888236491,0.0114156567048245,0.115534805569663,0.00339945806825506,0.0790346937556324,-0.114835441208549,-0.176981726392528,-0.0296004076034505,-0.159281689428791,0.239839638664267,1,-0.0184603365450467,-0.042699919109267,0.187426815794871,0.299895890507023,0.14298346788648,-0.168098663630665,0.104512953104585,0.0201670968299125,-0.0511574512645736,-0.878795862170257};
xlist={{4.9848066},{3.3685751},{4.3434217},{2.2190821},{4.5614463},{3.3383598},{2.6093513},{1.8859761},{3.8833121},{5.9566648},{2.4358525},{5.6259751},{2.4735931},{2.2645348},{4.9109722},{5.2967751},{1.7182214},{1.102152},{0.28903084},{6.0766647},{3.4994656},{4.2289196},{5.3690224},{2.1333297},{3.0543424},{2.7477751},{5.0361158},{1.3818296},{1.2419512},{3.0191213},{4.1190759},{0.99257012},{5.4897863},{4.4196367},{3.1601833},{1.9826193},{6.065606},{3.2338012},{2.8694185},{4.0121099},{4.1144174}};
