k[x_,y_]:=Exp[-10*Sum[(x[[i]]-y[[i]])^2,{i,1,Length[x]}]];
b=1.00636;
alphay={0.336890163609934,-0.141398185318462,-0.311561477091922,-0.237100342964161,-0.407486024021863,-0.587486483312936,0.0061598626297551,-0.578472191733453,-0.0616273795131026,0.728045217996824,0.0919649664325932,-0.135849720713082,1,-0.206571752981239,0.276389844466951,0.358797197971248,0.180047716609162,-0.00396041007500272,-0.328486032274777,0.0217050302835315};
xlist={{4.9848066},{2.6093513},{3.8833121},{2.4735931},{4.9109722},{5.2967751},{0.98776147},{4.211864},{3.4994656},{5.3690224},{3.0543424},{1.2419512},{4.1190759},{5.4897863},{4.4196367},{3.1601833},{1.9826193},{6.065606},{4.0121099},{1.4331881}};
