k[x_,y_]:=Exp[-10*Sum[(x[[i]]-y[[i]])^2,{i,1,Length[x]}]];
b=1.00756;
alphay={0.131384072958418,-0.141230406254547,-0.406836758370013,-0.237833987360305,-0.244297042240733,-0.184357403867555,0.00187819944956349,-0.265481205632181,-0.0532531939725048,0.224092711518023,0.0955027590383162,-0.129677892549287,0.498403025112785,-0.0380633036638799,0.211408658250694,0.351630706491443,0.17816999377453,-0.00747650573224683,0.0160375730494811};
xlist={{4.9848066},{2.6093513},{3.8833121},{2.4735931},{4.9109722},{5.2967751},{0.98776147},{4.211864},{3.4994656},{5.3690224},{3.0543424},{1.2419512},{4.1190759},{5.4897863},{4.4196367},{3.1601833},{1.9826193},{6.065606},{1.4331881}};
