k[x_,y_]:=Exp[-0.01*Sum[(x[[i]]-y[[i]])^2,{i,1,Length[x]}]];
b=1.05315;
alphay={0.01,-0.01,-0.01,-0.01,0.01,0.01};
xlist={{3.1327996},{2.6093513},{2.4735931},{2.4597538},{3.0543424},{3.1601833}};
