k[x_,y_]:=Exp[-100*Sum[(x[[i]]-y[[i]])^2,{i,1,Length[x]}]];
b=1.01587;
alphay={81.9999784637594,0.291204649792346,-0.758076626960123,-0.521597445115429,-1.5374359650067,-20.4931199187337,-0.0871377971773603,0.23120400011862,0.807927942433373,-82.4488214259934,-0.295394229239777,-0.0727656102883563,0.0941734226677974,-0.0554949076274733,0.0307836658482685,-0.219930972235261,0.0300683632712865,3.98082709982757,-0.392748400915131,-0.057848047672676,0.287154389878985,0.0306371662217055,-0.294556139005115,-43.6652273741838,7.6869143514008,-179.448887394825,-3.5603172336331,0.109477767618834,-0.0680289032689719,0.0106611108870537,5.91453807225564,-637.351944725704,173.270908873233,2.65632238142365,-1.01721893475804,5.75425140622029,130.843719479345,-0.141218314767693,0.0341080812075764,1.43840921790923,0.0285284451273509,0.0420280901637829,-0.542515565337865,-0.131266581251561,-1000,-0.372597901955768,644.07623501005,-0.014260173174625,-0.0977341812695044,0.0875047973037711,-1.43703988989256,-0.164219373605547,7.78747333348327,0.284196749198108,947.301061819474,0.659178282280511,-5.67708706716501,0.710811478430808,0.373463716749431,0.156008420391198,-2.80051174486997,0.00150187854745321,0.0434419909491073,-0.956316535601906,-0.0669583678423274,0.00430590855067385,7.20429282809507,0.0949128577572843,-1000,975.641784488127,-15.251722250927};
xlist={{4.9848066},{5.975306},{3.3685751},{4.3434217},{0.4072258},{5.1873545},{2.2190821},{4.5614463},{3.3383598},{4.1472487},{2.6093513},{6.18229},{1.8859761},{1.4935029},{0.78320274},{3.8833121},{0.56133996},{0.18210352},{0.92804736},{2.4358525},{3.4171664},{5.6259751},{2.4735931},{4.9545943},{4.9109722},{5.1240698},{5.2967751},{1.7182214},{4.6823773},{1.102152},{0.98776147},{0.28903084},{5.1331359},{6.0766647},{4.79685},{4.211864},{4.0971703},{3.4994656},{2.1833838},{5.3690224},{2.1333297},{3.0543424},{5.41326},{2.7477751},{5.0361158},{4.4797874},{0.28792094},{5.780912},{1.3818296},{0.079622346},{0.14168031},{1.2419512},{5.2459606},{3.0191213},{4.1190759},{4.7629933},{0.99257012},{4.4196367},{3.1601833},{1.9826193},{6.065606},{3.2338012},{2.8694185},{4.0121099},{4.6225946},{1.6645631},{0.34783688},{1.4331881},{4.1144174},{5.0388117},{0.24433872}};
