k[x_,y_]:=Exp[-10*Sum[(x[[i]]-y[[i]])^2,{i,1,Length[x]}]];
b=1.04993;
alphay={-0.01,0.01,-0.00335332224434519,0.01,0.01,0.01,-0.01,1.04083408558608e-17,-0.01,-0.01,-0.01,-0.01,-0.01,0.01,-0.01,-0.01,0.01,-0.01,-0.00664667775565482,-0.01,0.01,0.01,0.01,0.01,0.01,0.01};
xlist={{2.4546853},{3.1772913},{1.3090798},{4.3434217},{3.1327996},{3.3383598},{2.6093513},{1.8859761},{3.8833121},{2.4358525},{2.4735931},{3.9117231},{4.9109722},{3.1515643},{3.4994656},{2.4597538},{3.0543424},{2.7477751},{5.0361158},{1.2419512},{3.0191213},{4.4196367},{3.1601833},{1.9826193},{3.2338012},{3.1321985}};
