k[x_,y_]:=Exp[-100*Sum[(x[[i]]-y[[i]])^2,{i,1,Length[x]}]];
b=1.04509;
alphay={0.029888020836714,0.057795843478004,-0.1,-0.1,-0.0877188354498149,-0.1,-0.0546730342963637,-0.0296437214161293,0.1,-0.0283165398925737,-0.054793585361253,0.0863770448174529,0.0637222504180195,0.1,0.0173625568659442,0.1};
xlist={{3.1327996},{3.3383598},{2.6093513},{3.8833121},{2.4358525},{2.4735931},{4.9109722},{2.4597538},{3.0543424},{2.7477751},{1.2419512},{3.0191213},{4.4196367},{3.1601833},{1.9826193},{3.2338012}};
