k[x_,y_]:=Exp[-1*Sum[(x[[i]]-y[[i]])^2,{i,1,Length[x]}]];
b=1.05632;
alphay={-1,-1,-0.825913024393397,-0.00966379531025679,0.745972695143392,-0.164423180296346,0.439356709099066,0.953666353653714,0.861004242103828};
xlist={{2.6093513},{3.8833121},{2.4735931},{4.9109722},{3.0543424},{1.2419512},{4.4196367},{3.1601833},{1.9826193}};
