k[x_,y_]:=Exp[-1*Sum[(x[[i]]-y[[i]])^2,{i,1,Length[x]}]];
b=1.00423;
alphay={-0.313160628799039,1,0.082967337091804,0.765581099409102,1,-1,0.0259133669251963,0.151101535489284,-1,-1,-1,-1,-1,1,-1,-1,-1,0.169520197790342,-0.734389497006968,1,1,-1,-1,1,0.728884979802411,1,1,1,1,0.123581609297868};
xlist={{2.4546853},{3.1772913},{0.68183331},{4.3434217},{3.1327996},{2.6093513},{1.8859761},{0.78320274},{3.8833121},{2.4358525},{2.4735931},{3.9117231},{4.9109722},{3.1515643},{3.4994656},{3.4489636},{2.4597538},{5.3690224},{3.4327108},{2.0144432},{3.0543424},{2.7477751},{1.2419512},{3.0191213},{4.1190759},{4.4196367},{3.1601833},{1.9826193},{2.0343889},{3.1321985}};
