k[x_,y_]:=Exp[-10*Sum[(x[[i]]-y[[i]])^2,{i,1,Length[x]}]];
b=1.00475;
alphay={6.58087668214923,0.0141303143836075,-0.147499297160435,1.17993152550975,-0.239788521937633,-8.03571900311393,-7.59103358307243,0.0349580024574533,-4.15235556240062,-0.0653510622541621,10,0.112847271064287,-0.582955744742189,-0.182694963855183,5.53307198989482,3.76168555648978,-4.61647678965418,2.19400409031419,0.341000412488959,0.188602403793729,-0.0746176586657128,-2.51124422924478,-1.80026358389875,0.0588917514541969};
xlist={{4.9848066},{3.3383598},{2.6093513},{5.6259751},{2.4735931},{4.9109722},{5.2967751},{0.98776147},{4.211864},{3.4994656},{5.3690224},{3.0543424},{4.4797874},{1.2419512},{4.1190759},{4.7629933},{5.4897863},{4.4196367},{3.1601833},{1.9826193},{6.065606},{4.0121099},{4.6225946},{1.4331881}};
