k[x_,y_]:=Exp[-10*Sum[(x[[i]]-y[[i]])^2,{i,1,Length[x]}]];
b=1.02107;
alphay={-0.0857620405541519,-0.158140453831063,-0.184351826156007,-0.0376426001795213,0.0469251114720054,-0.0308169202578552,0.0505966535193082,0.079719028319431,0.260065860028929,0.059407187638925};
xlist={{2.6093513},{3.8833121},{2.4735931},{4.9109722},{3.0543424},{1.2419512},{4.1190759},{4.4196367},{3.1601833},{1.9826193}};
