k[x_,y_]:=Exp[-10*Sum[(x[[i]]-y[[i]])^2,{i,1,Length[x]}]];
b=0.993147;
alphay={100,-6.7197886616601,-47.0597712680832,-0.763985729317419,99.9951136011171,1.36654376094744,42.7323072286831,24.0756008122723,29.8592021739504,-62.0519832415839,-19.8700442372431,-6.57961060494473,55.6477200911268,8.85080513373289,64.7228363652534,-0.0466299159562575,47.8534596763123,-100,0.935032186902282,-80.3260592797751,4.21579283500125,100,-0.283477855976426,-96.8836700545061,27.830397636669,45.0718069350479,-100,100,27.4816717953757,-0.697523625080188,-100,59.8963469969999,-85.0014492269502,-46.3240772573582,-49.3447576395118,2.58232539618446,-6.32777087253889,2.60482810488238,100,36.4606798496806,-7.08622638152721,-96.1790827336147,-100,100,2.55054652581355,-100,-78.2479358528017,15.2669828940474,100,-10.206155561574};
xlist={{4.9848066},{3.1772913},{3.3685751},{2.0531295},{0.28378615},{4.5614463},{3.3383598},{4.1472487},{6.18229},{1.4935029},{3.8833121},{0.92804736},{5.9566648},{3.4171664},{5.6259751},{2.4735931},{3.9117231},{4.9109722},{0.59106696},{5.2967751},{1.102152},{0.98776147},{2.2066628},{0.28903084},{5.1331359},{6.0766647},{4.211864},{5.3690224},{5.41326},{2.7477751},{5.0361158},{4.9970912},{4.4797874},{5.780912},{1.3818296},{0.079622346},{0.14168031},{3.0191213},{4.1190759},{4.7629933},{1.7884086},{0.99257012},{5.4897863},{4.4196367},{1.9826193},{6.065606},{4.0121099},{1.6645631},{1.4331881},{6.2744768}};
