k[x_,y_]:=Exp[-0.1*Sum[(x[[i]]-y[[i]])^2,{i,1,Length[x]}]];
b=1.2455;
alphay={-210.696203117087,-89.3037968829129,0.358423693211053,7.75524357961917,231.721010105619,60.1653226215514};
xlist={{2.6093513},{3.8833121},{5.9566648},{5.3690224},{3.1601833},{1.9826193}};
