k[x_,y_]:=Exp[-100*Sum[(x[[i]]-y[[i]])^2,{i,1,Length[x]}]];
b=1.01802;
alphay={8.16640141126036,0.273224844336406,-0.648300291890563,-0.0882099755011237,-0.0507449232746224,-0.361486345855527,-0.0768469540250844,0.0816727406720274,0.729052044737321,-6.99202270946639,-0.296859328312423,-0.0623949284633701,0.0915474918251474,-2.84169996344841,-0.0471029392492556,0.0153076511614695,-0.334082033185283,-0.238317941489211,-0.0594517346650946,0.232752571108541,0.0355236632666927,-0.293642812646294,-3.49561556686537,-9.71945847489637,-0.0701830010734043,0.109635243963354,3.83896622373574,-66.0004369876151,8.3593809366824,2.49604153063008,-0.150483711608928,8.26894084544168,-0.12880112694713,1.41853932064786,0.0188652713822457,0.255631085317826,0.0323823822498475,0.0465594848937077,-0.131032954359991,-100,-0.0991558026977646,66.4792386303755,-0.0147065765636686,-0.0869672293143021,-0.16542973338674,0.278093573261026,100,0.00163371250745907,-3.70576349097756,-0.0793526857404943,0.31821710058569,0.364721147275408,0.15369956339661,-2.63822034575037,0.0135908640128468,0.0407127551259233,0.422417155187089,0.000641890172362269,0.619695598145133,0.0770680966874671,-100,96.7598451699548,-1.12322943073052};
xlist={{4.9848066},{5.975306},{3.3685751},{4.3434217},{0.4072258},{5.1873545},{2.2190821},{4.5614463},{3.3383598},{4.1472487},{2.6093513},{6.18229},{1.8859761},{4.1753719},{1.4935029},{0.78320274},{3.8833121},{0.92804736},{2.4358525},{3.4171664},{5.6259751},{2.4735931},{4.9545943},{5.1240698},{5.2967751},{1.7182214},{0.98776147},{0.28903084},{5.1331359},{6.0766647},{5.3359902},{4.0971703},{3.4994656},{4.2289196},{2.1833838},{5.3690224},{2.1333297},{3.0543424},{2.7477751},{5.0361158},{4.4797874},{0.28792094},{5.780912},{1.3818296},{1.2419512},{3.0191213},{4.1190759},{4.7629933},{0.99257012},{5.4897863},{4.4196367},{3.1601833},{1.9826193},{6.065606},{3.2338012},{2.8694185},{4.0121099},{1.6645631},{0.34783688},{1.4331881},{4.1144174},{5.0388117},{0.24433872}};
