k[x_,y_]:=Exp[-0.1*Sum[(x[[i]]-y[[i]])^2,{i,1,Length[x]}]];
b=0.953131;
alphay={1,-1,-1,-1,1,1};
xlist={{3.1327996},{2.6093513},{3.8833121},{2.4735931},{3.0543424},{3.1601833}};
