k[x_,y_]:=Exp[-1*Sum[(x[[i]]-y[[i]])^2,{i,1,Length[x]}]];
b=1.03007;
alphay={-10,-4.74960394399234,0.895044983661312,-8.30552705708198,-4.73806402080377,-4.71185098940679,-10,-0.01736360160792,2.45426455531866,8.28298906802485,10,1.32173589431998,10,10,-0.431624888432};
xlist={{2.6093513},{1.4935029},{0.78320274},{3.8833121},{2.4735931},{4.9109722},{3.4994656},{0.055630634},{5.3690224},{3.0543424},{4.1190759},{4.4196367},{3.1601833},{1.9826193},{6.065606}};
