k[x_,y_]:=Exp[-0.1*Sum[(x[[i]]-y[[i]])^2,{i,1,Length[x]}]];
b=0.942199;
alphay={-1.11816674329043,-1.88183325670957,3};
xlist={{3.8833121},{2.4735931},{3.1601833}};
