k[x_,y_]:=Exp[-0.1*Sum[(x[[i]]-y[[i]])^2,{i,1,Length[x]}]];
b=1.10948;
alphay={-10,10,3.58626826110271,10,-10,10,-10,-10,-10,-10,-4.49173721556944,-10,10,-10,-5.50826278443055,-10,6.41373173889729,10,-10,10,10,10,10,10,-10,10};
xlist={{2.4546853},{3.1772913},{4.3434217},{3.1327996},{2.6093513},{1.8859761},{3.8833121},{2.4358525},{2.4735931},{3.9117231},{2.2645348},{4.9109722},{3.1515643},{3.4994656},{3.4489636},{2.4597538},{5.3690224},{3.0543424},{2.7477751},{3.0191213},{4.4196367},{3.1601833},{1.9826193},{3.2338012},{4.0121099},{3.1321985}};
