k[x_,y_]:=Exp[-100*Sum[(x[[i]]-y[[i]])^2,{i,1,Length[x]}]];
b=1.0379;
alphay={0.000828261736167675,-0.1,-0.0658812291976047,-0.0341187708023954,-0.1,0.1,0.0279333986236718,0.1,0.0712383396401605};
xlist={{3.3383598},{2.6093513},{3.8833121},{2.4358525},{2.4735931},{3.0543424},{3.0191213},{3.1601833},{3.2338012}};
