k[x_,y_]:=Exp[-100*Sum[(x[[i]]-y[[i]])^2,{i,1,Length[x]}]];
b=0.994347;
alphay={929.538787178736,1000,-239.728209256794,-6.31563743955451,8.45374641233502,5.96558542735977,37.6010100756575,-298.467748728151,-4.16265054730896,-3.40217488697289,1000,-74.6985915466883,485.533650961618,370.967642664399,1000,655.285316477976,1000,-191.692128496652,-1.01616997112899,3.22166189737368,-1.32572797447745,-861.29686043725,-54.6333107187754,117.495961587103,35.8840447670438,-2.70992841393934,-2.03962910034284,-0.99256927463864,273.532630347601,-8.49864740338682,-6.2582778284601,-102.39637415096,733.694613760011,-335.23580188925,0.539694404799618,172.829368870687,2.24013043575201,-27.0424003764601,-314.251934287699,1000,334.557787603923,64.7659444224219,-1000,2.30091333820689,-1000,0.0450603893085428,-974.298265301123,315.297696230531,965.018059326393,-0.460066374453466,496.053807055033,-527.333363466125,-1000,674.877132448206,20.4404712133134,203.974391150777,0.940726046844242,-97.9138156013468,120.690936289145,-20.7586144605282,55.481073493633,206.503134288429,897.210445718171,417.90232269049,-1000,63.2849823666952,-10.4701695915428,-84.2344163265325,-1000,15.7386874414598,-584.214025022499,-0.0482847068244826,511.500191640977,-19.632364311009,-4.88898531587382,-653.156796968917,15.9679907031736,-1000,-0.0426158221452794,-874.519335227861,-747.469569206684,-820.590308438192,-16.0542087982655,129.009628367777,0.110862449244518,437.217040107536,-1000,-160.027623286456,-893.199001621031,-1.79792165905773,-14.7073782430594,1.99886723468041,45.7151424832952,1000,797.390954282204,1000,-4.94968495950862,-834.603234426824,-1000,-1.60050201140527,-0.355201366642751,7.39319009032518,1000,146.369595677107,-21.7822692173754,-106.962625328462,11.4826132632116,0.0783802391631224,-2.48575412268938,-751.811271044709,-1000,10.3375220827162,23.6427286245297,1000,-1000,1000,961.315262323524,0.439479459976326,-229.469090478181,-791.835330376567};
xlist={{2.4546853},{4.9848066},{3.1772913},{0.66135807},{5.975306},{0.68183331},{1.3090798},{3.3685751},{4.3434217},{0.4072258},{3.1327996},{5.1873545},{2.0531295},{2.2190821},{0.28378615},{4.5614463},{3.3383598},{4.1472487},{2.6093513},{0.82916265},{6.18229},{4.7677898},{1.8859761},{4.1753719},{1.4935029},{0.78320274},{3.8833121},{0.56133996},{0.18210352},{0.92804736},{5.9566648},{2.4358525},{3.4171664},{4.716947},{5.6259751},{2.4735931},{3.9117231},{2.2645348},{4.9545943},{1.3384962},{5.1201746},{4.9109722},{5.1240698},{0.59106696},{5.2967751},{1.7182214},{3.1515643},{4.6823773},{4.6049721},{1.102152},{0.98776147},{2.2066628},{0.28903084},{5.1331359},{6.0766647},{5.3359902},{4.79685},{4.211864},{4.0971703},{3.4994656},{4.2289196},{2.1833838},{5.2908885},{3.4489636},{2.4597538},{0.055630634},{1.6458729},{5.3690224},{3.4327108},{4.5454569},{2.0144432},{2.8172866},{0.99657565},{2.1333297},{3.0543424},{1.4452738},{5.41326},{4.5700694},{2.7477751},{5.0361158},{1.4031909},{4.9970912},{4.4797874},{0.28792094},{5.780912},{1.3818296},{2.0495031},{0.079622346},{0.14168031},{1.2419512},{5.2459606},{3.0191213},{1.8690259},{4.1190759},{0.12932952},{4.7629933},{1.7884086},{3.3352342},{0.99257012},{5.4897863},{5.6673413},{4.4196367},{3.1601833},{1.9826193},{6.065606},{1.3431388},{3.2338012},{2.8694185},{4.0121099},{4.6225946},{1.3377643},{1.6645631},{0.34783688},{1.4331881},{4.1144174},{5.0388117},{2.0343889},{6.2744768},{0.24433872},{3.1321985}};
