k[x_,y_]:=Exp[-100*Sum[(x[[i]]-y[[i]])^2,{i,1,Length[x]}]];
b=1.00962;
alphay={12.9480902240276,891.270015531641,-302.725343776357,-1.63351246614606,4.43821900604172,1.78027863469987,-11.2175116730299,-176.704048620597,-0.27127860670785,-3.52580366064482,126.00788030312,-69.6061345851652,337.580177353936,1000,1000,-138.390124452145,-0.101746102758663,1.97696349157848,-0.80431479455871,0.740362178242222,31.2095260545936,28.7054782899379,-1.33384055663183,-0.354077783239959,0.367768387228945,55.6153262843,-7.1847368186894,-3.07269733956315,-6.83822341768085,199.558557987733,-34.2500322785009,0.110101170536305,-6.97509062151164,1.10854583637079,-270.276520944609,344.886605374495,51.5911565136857,-1000,-1000,-4.0506256649844,-843.672718133161,30.2301701641928,254.596941408348,-1.06496884079613,488.522591819715,-5.11439200822544,-1000,662.973969059496,12.8316197571197,189.171080019517,-23.6967564439264,-0.939597150112581,108.59881208284,0.327130276739515,-0.0715936861657737,5.45200858564779,907.958416346705,59.0508695767534,-3.01623783931485,-12.4551095251413,-71.9071116219911,-204.102403424092,-242.330676886123,-2.63093757139549,518.369499334347,-1.60635507726478,-430.454831603977,11.434822764222,-897.620984739038,-0.207521695593742,-884.084881216287,-357.322501219039,-736.347504359021,5.04700927800623,706.322154531225,155.697032996092,-107.520659217245,2.57781782761493,-21.6914814526756,-0.359646419681608,-1.10738364216782,1000,76.708348467242,34.7147946832788,1.43222734965759,-885.075316095517,-1000,-0.687153277803389,0.101257201244917,1000,1.1105152440993,-13.5904770609929,28.7164329895537,0.150534225883268,-131.414573280958,14.2915700848869,17.7505462066464,613.658167540294,-1000,1000,2.07634976316075,0.232257793333267,-80.5905623488262};
xlist={{2.4546853},{4.9848066},{3.1772913},{0.66135807},{5.975306},{0.68183331},{1.3090798},{3.3685751},{4.3434217},{0.4072258},{3.1327996},{5.1873545},{0.28378615},{4.5614463},{3.3383598},{4.1472487},{2.6093513},{0.82916265},{6.18229},{1.8859761},{4.1753719},{1.4935029},{0.78320274},{3.8833121},{0.56133996},{0.18210352},{0.92804736},{5.9566648},{2.4358525},{3.4171664},{4.716947},{5.6259751},{2.4735931},{2.2645348},{4.9545943},{5.1201746},{4.9109722},{5.1240698},{5.2967751},{1.7182214},{3.1515643},{4.6823773},{4.6049721},{1.102152},{0.98776147},{2.2066628},{0.28903084},{5.1331359},{6.0766647},{5.3359902},{4.79685},{4.211864},{4.0971703},{3.4994656},{4.2289196},{2.1833838},{5.2908885},{3.4489636},{0.055630634},{1.6458729},{5.3690224},{3.4327108},{4.5454569},{2.0144432},{0.99657565},{2.1333297},{1.4452738},{5.41326},{4.5700694},{2.7477751},{5.0361158},{1.4031909},{4.9970912},{4.4797874},{0.28792094},{1.3818296},{0.14168031},{1.2419512},{5.2459606},{3.0191213},{1.8690259},{4.1190759},{0.12932952},{4.7629933},{1.7884086},{3.3352342},{0.99257012},{5.4897863},{4.4196367},{3.1601833},{1.9826193},{6.065606},{3.2338012},{2.8694185},{4.6225946},{1.6645631},{0.34783688},{1.4331881},{4.1144174},{5.0388117},{2.0343889},{6.2744768},{0.24433872}};
