k[x_,y_]:=Exp[-100*Sum[(x[[i]]-y[[i]])^2,{i,1,Length[x]}]];
b=1.00599;
alphay={10,10,-4.5926177206036,-2.32422093495307,3.23811158596842,2.01589130669734,-5.7000645600587,-6.73954716029302,-0.903204773588033,0.394295457979584,7.83913632049942,-1.82705504640886,-2.35395217337248,2.14627924650951,10,10,10,0.680341569127043,-0.158670225277697,0.450626214402459,-0.584000964459541,1.90412661561,-0.0821212918312853,-0.433556472192395,-0.84982967803313,-0.755040862756275,7.06212134441599,-0.926024517993786,-2.21307081699685,-5.35507162586873,10,-9.81294376663789,-0.0124095786945365,-5.41387320025332,0.602524865962852,1.24401178613938,-6.02267305115218,9.59070184357861,0.927399230790761,2.18536025782029,-10,1.23153244649566,-5.68593591344769,-0.837653850358048,-3.51864089423665,7.59151957447889,6.67570994885682,0.0205438066543784,10,-10,-10,10,9.45131151209886,-9.62094334897862,-4.65957525567846,-10,-0.0856679306556705,0.310684067406409,8.02399799089616,8.93049614679848,10,-3.43089677068176,-2.02869463806837,10,-7.24252595681299,-0.968946013947693,-10,0.605811433440395,-2.6898608131326,0.871010384100938,-6.59670149814309,-3.90955287460151,-10,-0.197404585068542,-10,-5.39612656777427,-1.38567511691528,4.31827723384084,-0.0191455946399548,-8.0170298475067,4.98507336801296,-10,0.611800222187339,-0.951841202996888,-0.0882892156765954,-0.249273113809953,10,3.73686900444475,8.55063942356912,0.445345636779615,-6.01068015494117,-10,0.623658187332532,0.0503055126503882,1.47776513116272,10,3.30165464646983,-10,0.12654702654718,0.121859730682218,0.0301895699809152,-7.29875513192207,2.64174859422679,-1.09052365529639,10,-10,10,10,0.171143689485479,-6.14613356738504,-10};
xlist={{2.4546853},{4.9848066},{3.1772913},{0.66135807},{5.975306},{0.68183331},{1.3090798},{3.3685751},{4.3434217},{0.4072258},{3.1327996},{5.1873545},{2.0531295},{2.2190821},{0.28378615},{4.5614463},{3.3383598},{4.1472487},{2.6093513},{0.82916265},{6.18229},{4.1753719},{1.4935029},{0.78320274},{3.8833121},{0.56133996},{0.18210352},{0.92804736},{5.9566648},{2.4358525},{3.4171664},{4.716947},{5.6259751},{2.4735931},{3.9117231},{2.2645348},{4.9545943},{1.3384962},{5.1201746},{4.9109722},{5.1240698},{0.59106696},{5.2967751},{1.7182214},{3.1515643},{4.6823773},{4.6049721},{1.102152},{0.98776147},{2.2066628},{0.28903084},{5.1331359},{6.0766647},{5.3359902},{4.79685},{4.211864},{4.0971703},{3.4994656},{4.2289196},{2.1833838},{5.2908885},{0.055630634},{1.6458729},{5.3690224},{3.4327108},{4.5454569},{2.0144432},{0.99657565},{2.1333297},{3.0543424},{1.4452738},{5.41326},{4.5700694},{2.7477751},{5.0361158},{4.9970912},{4.4797874},{0.28792094},{5.780912},{1.3818296},{0.079622346},{0.14168031},{1.2419512},{5.2459606},{3.0191213},{1.8690259},{4.1190759},{0.12932952},{4.7629933},{1.7884086},{3.3352342},{0.99257012},{5.4897863},{5.6673413},{4.4196367},{3.1601833},{1.9826193},{6.065606},{3.2338012},{2.8694185},{4.0121099},{4.6225946},{1.6645631},{0.34783688},{1.4331881},{4.1144174},{5.0388117},{2.0343889},{6.2744768},{0.24433872},{3.1321985}};
