k[x_,y_]:=Exp[-10*Sum[(x[[i]]-y[[i]])^2,{i,1,Length[x]}]];
b=1.0121;
alphay={40.5393623557312,0.545642734784572,-0.170493866074893,2.28201639780381,12.9042373550077,37.8754615786965,-0.235809864969113,5.83864479704608,-53.7822924277662,-73.140907138137,0.0500358185943163,4.89790208354111,-29.2167837790139,-0.609997851633895,106.115364452247,0.255183947188668,-8.53928169507959,-19.0040783317296,-0.220038879568104,37.5744899147095,30.6211932270787,-68.5953845583838,20.232339164959,0.186544428106278,-8.65283438824347,-21.8046243519409,-16.0274728674593,0.0815817445049166};
xlist={{4.9848066},{3.3383598},{2.6093513},{6.18229},{5.9566648},{5.6259751},{2.4735931},{3.9117231},{4.9109722},{5.2967751},{0.98776147},{5.1331359},{4.211864},{3.4994656},{5.3690224},{3.0543424},{4.4797874},{5.780912},{1.2419512},{4.1190759},{4.7629933},{5.4897863},{4.4196367},{1.9826193},{6.065606},{4.0121099},{4.6225946},{1.4331881}};
