k[x_,y_]:=Exp[-100*Sum[(x[[i]]-y[[i]])^2,{i,1,Length[x]}]];
b=1.03658;
alphay={0.0419894269075411,0.0570606528554786,0.1,-0.00760499029332238,-0.00743960316135387,0.1,-0.1,0.0487171939527293,-0.1,-0.1,-0.1,-0.00743938490298631,-0.1,-0.0356685982065349,0.0440685412469051,-0.00169314621286023,-0.0493992183857547,-0.1,0.00892611023917648,0.1,-0.1,-0.0500537836752367,-0.0202189025353259,-0.1,0.1,0.1,-0.00112768079517822,-0.000621373950017712,0.1,0.1,0.1,-0.0368297029062301,0.1,-0.0826655401770297};
xlist={{3.1772913},{4.3434217},{3.1327996},{5.1873545},{2.2190821},{3.3383598},{2.6093513},{1.8859761},{3.8833121},{2.4358525},{2.4735931},{2.2645348},{4.9109722},{5.2967751},{1.7182214},{4.79685},{3.4994656},{2.4597538},{5.3690224},{3.0543424},{2.7477751},{5.0361158},{1.3818296},{1.2419512},{3.0191213},{4.1190759},{0.99257012},{5.4897863},{4.4196367},{3.1601833},{1.9826193},{6.065606},{3.2338012},{4.0121099}};
