k[x_,y_]:=Exp[-0.01*Sum[(x[[i]]-y[[i]])^2,{i,1,Length[x]}]];
b=0.470398;
alphay={865.175296135597,-1000,-1000,-1000,-6.82121026329696e-13,1000,134.824703864403,1000};
xlist={{3.1327996},{2.6093513},{3.8833121},{2.4735931},{4.9109722},{3.0543424},{0.079622346},{3.1601833}};
