k[x_,y_]:=Exp[-10*Sum[(x[[i]]-y[[i]])^2,{i,1,Length[x]}]];
b=0.958445;
alphay={98.5906626174425,100,-56.9508443364898,-100,-41.3506653001617,-100,-8.0724931057235,100,100,100,100,10.1640140137166,59.317812898174,100,7.14288102046444,-33.1217222625675,-100,45.7177719112854,-56.1505890229423,31.3042278583242,-42.5057995754047,90.697633882023,42.7777682415798,-100,100,-55.1300094357244,100,-8.31566049664175,-100,-100,15.7817923852111,-100,73.2576334838102,-41.437372175733,54.3870623602252,100,-100,-100,100,4.66650410500436,-100,-100,-5.83063128529991,100,-63.2852741414742,-85.7857438778759,100,58.5674507876687,34.5746084409799,32.496793547416,37.7866187688646,-100,100,-100,98.4405951547866,-88.2020440642413,-100,-35.5795487034355,100,-37.1430188914376,-81.334356284676,21.0899895363179,100,100,-100,-36.7549338107197,-100,-100,87.7204614953669,87.8778886912452,70.211177491392,100,-100,-6.6569439238285,-100,-89.548415230004,100,100,-34.4655174742748,37.4286513087013,-20.2715039632187,-72.1069126381271,-100};
xlist={{2.4546853},{4.9848066},{0.66135807},{3.3685751},{0.4072258},{2.0531295},{2.2190821},{0.28378615},{4.5614463},{3.3383598},{4.1472487},{2.6093513},{6.18229},{4.7677898},{1.8859761},{4.1753719},{1.4935029},{0.78320274},{3.8833121},{0.56133996},{0.92804736},{5.9566648},{3.4171664},{2.4735931},{3.9117231},{4.9545943},{1.3384962},{5.1201746},{4.9109722},{5.1240698},{0.59106696},{5.2967751},{1.7182214},{4.6823773},{1.102152},{0.98776147},{2.2066628},{0.28903084},{5.1331359},{6.0766647},{4.79685},{4.211864},{3.4994656},{2.1833838},{0.055630634},{1.6458729},{5.3690224},{2.1333297},{3.0543424},{1.4452738},{5.41326},{5.0361158},{4.9970912},{4.4797874},{0.28792094},{5.780912},{1.3818296},{2.0495031},{0.079622346},{0.14168031},{1.2419512},{5.2459606},{4.1190759},{4.7629933},{1.7884086},{3.3352342},{0.99257012},{5.4897863},{5.6673413},{4.4196367},{3.1601833},{1.9826193},{6.065606},{2.8694185},{4.0121099},{4.6225946},{1.6645631},{1.4331881},{4.1144174},{5.0388117},{6.2744768},{0.24433872},{3.1321985}};
