k[x_,y_]:=Exp[-100*Sum[(x[[i]]-y[[i]])^2,{i,1,Length[x]}]];
b=1.00341;
alphay={100,100,-29.9902579724902,-6.60697297336257,8.38815282900971,5.78000072449063,-12.7794932957618,-40.5723474583007,-2.05098147369911,0.591543102556845,100,-15.4747860433994,-37.9758492158588,64.550994951193,100,85.3040405035207,100,-37.0604974955179,-0.126099184855896,1.72992082950196,-1.32563584850448,-67.2278674119211,-8.29576538369225,46.5803951555229,6.75422660147967,-1.7437982810349,-1.51536509470522,-2.22292249071273,35.638318824051,-2.84402907081399,-6.20563229625247,-17.4436497091612,86.6186166524362,-56.308283976693,-0.273689543924117,7.27723566640147,1.47448868075848,-3.10126877618944,-35.5819044578964,100,4.89620662867606,9.69447630245857,-100,3.56979034287915,-100,-2.08443610657754,-81.4647153045535,51.8430979418692,100,0.0573170826865152,60.7830523430042,-100,-100,100,20.3615553357404,-1.91873103704513,-10.7979975545109,-57.6905895425562,15.1045339353102,0.0923437327327903,35.148256159662,45.4531126530069,100,32.1765100895218,-90.7578746398873,1.91299990707112,-6.24492293286325,12.7247406119276,-100,-14.7726386869238,-84.3740484009893,-0.0629199492812338,41.2037401817691,-6.91222782210592,2.15139157903503,-80.4661592662159,-6.51186111153741,-100,-0.194140890528229,-84.9194069546709,-15.9139892519739,-80.8488576107594,-0.652046208369894,18.0621647911369,0.00801919422350226,-28.186548035307,-9.43153398804687,-100,1.88604432605165,-1.74414591171161,-0.908440921129774,6.37567400199642,100,82.7524904968752,100,0.238555466605939,-77.7434399232569,-100,1.31377433082664,0.249140576660574,1.8643920006317,100,24.9426662244155,-21.7003530321563,29.121916994148,1.03082881235403,0.227546308619603,-0.976658397867929,-89.9196261425496,-100,7.4981650049137,-0.0622127112531776,100,-100,100,100,0.430775865877576,-29.4848524166951,-90.390741537538};
xlist={{2.4546853},{4.9848066},{3.1772913},{0.66135807},{5.975306},{0.68183331},{1.3090798},{3.3685751},{4.3434217},{0.4072258},{3.1327996},{5.1873545},{2.0531295},{2.2190821},{0.28378615},{4.5614463},{3.3383598},{4.1472487},{2.6093513},{0.82916265},{6.18229},{4.7677898},{1.8859761},{4.1753719},{1.4935029},{0.78320274},{3.8833121},{0.56133996},{0.18210352},{0.92804736},{5.9566648},{2.4358525},{3.4171664},{4.716947},{5.6259751},{2.4735931},{3.9117231},{2.2645348},{4.9545943},{1.3384962},{5.1201746},{4.9109722},{5.1240698},{0.59106696},{5.2967751},{1.7182214},{3.1515643},{4.6823773},{4.6049721},{1.102152},{0.98776147},{2.2066628},{0.28903084},{5.1331359},{6.0766647},{5.3359902},{4.79685},{4.211864},{4.0971703},{3.4994656},{4.2289196},{2.1833838},{5.2908885},{3.4489636},{2.4597538},{0.055630634},{1.6458729},{5.3690224},{3.4327108},{4.5454569},{2.0144432},{2.8172866},{0.99657565},{2.1333297},{3.0543424},{1.4452738},{5.41326},{4.5700694},{2.7477751},{5.0361158},{1.4031909},{4.9970912},{4.4797874},{0.28792094},{5.780912},{1.3818296},{0.079622346},{0.14168031},{1.2419512},{5.2459606},{3.0191213},{1.8690259},{4.1190759},{0.12932952},{4.7629933},{1.7884086},{3.3352342},{0.99257012},{5.4897863},{5.6673413},{4.4196367},{3.1601833},{1.9826193},{6.065606},{1.3431388},{3.2338012},{2.8694185},{4.0121099},{4.6225946},{1.3377643},{1.6645631},{0.34783688},{1.4331881},{4.1144174},{5.0388117},{2.0343889},{6.2744768},{0.24433872},{3.1321985}};
