k[x_,y_]:=Exp[-100*Sum[(x[[i]]-y[[i]])^2,{i,1,Length[x]}]];
b=1.00118;
alphay={10,10,-3.134237687429,-4.50986251466464,3.46409660755191,3.87044247235036,-5.07933673205684,-6.64454847035978,-0.896568169096775,0.71457350879909,10,-1.8804115502184,-1.65142022428322,1.26641471216414,10,10,10,1.05323350605928,-0.0495796314816394,0.786477620192791,-0.587699658066538,-1.7153884496042,0.479060134945121,1.59189127723443,-0.888253807355195,-0.907286959028976,-1.61280685136025,8.37436556297902,-1.04736622986452,-2.42859836414551,-7.87691160893756,10,-10,-0.0667109786248002,-9.77749328146749,0.656021974412761,1.63331977154979,-6.09390281234962,10,0.958149512077001,2.23141548790684,-10,2.54863012709302,-5.78412141602499,-1.52848548772772,-6.81578911850826,8.24874988024764,9.43326890263196,0.00621858526556972,10,-10,-10,10,9.43407290340901,-9.54861341434384,-4.40151779655304,-10,-0.242991920300492,0.350902390317537,8.10640355486977,9.79916033390398,10,6.65431320826498,-4.48866374566265,-3.21465430131894,10,-7.30759725487563,-1.67714931665814,-10,0.0390671907354738,0.681607737354973,-3.09215862834056,0.600293281857334,-6.7640595395657,-3.94953248361962,-10,-0.235931662050399,-10,0.95929396181628,-5.36747719267451,-1.094577741525,5.56634583863237,-0.0268308306562227,-10,-0.581918521530828,6.77313954873942,-10,0.645391263012553,-0.876024667186637,0.00196177923794605,-0.842271000129801,10,2.2521428050539,10,0.815609129698136,-6.07334621953068,-10,0.658579989314773,0.107225971274427,1.38095627182698,10,3.25340239310498,-10,10,0.110514002650086,0.0703285111734665,-10,-9.91118759455305,4.23847026300321,-1.77475383688503,10,-10,10,10,0.184488027287732,-7.55196232938338,-10};
xlist={{2.4546853},{4.9848066},{3.1772913},{0.66135807},{5.975306},{0.68183331},{1.3090798},{3.3685751},{4.3434217},{0.4072258},{3.1327996},{5.1873545},{2.0531295},{2.2190821},{0.28378615},{4.5614463},{3.3383598},{4.1472487},{2.6093513},{0.82916265},{6.18229},{4.7677898},{1.8859761},{4.1753719},{0.78320274},{3.8833121},{0.56133996},{0.18210352},{0.92804736},{5.9566648},{2.4358525},{3.4171664},{4.716947},{5.6259751},{2.4735931},{3.9117231},{2.2645348},{4.9545943},{1.3384962},{5.1201746},{4.9109722},{5.1240698},{0.59106696},{5.2967751},{1.7182214},{3.1515643},{4.6823773},{4.6049721},{1.102152},{0.98776147},{2.2066628},{0.28903084},{5.1331359},{6.0766647},{5.3359902},{4.79685},{4.211864},{4.0971703},{3.4994656},{4.2289196},{2.1833838},{5.2908885},{2.4597538},{0.055630634},{1.6458729},{5.3690224},{3.4327108},{4.5454569},{2.0144432},{2.8172866},{0.99657565},{2.1333297},{3.0543424},{1.4452738},{5.41326},{4.5700694},{2.7477751},{5.0361158},{1.4031909},{4.9970912},{4.4797874},{0.28792094},{5.780912},{1.3818296},{2.0495031},{0.079622346},{0.14168031},{1.2419512},{5.2459606},{3.0191213},{1.8690259},{4.1190759},{0.12932952},{4.7629933},{1.7884086},{3.3352342},{0.99257012},{5.4897863},{5.6673413},{4.4196367},{3.1601833},{1.9826193},{6.065606},{1.3431388},{2.8694185},{4.0121099},{4.6225946},{1.3377643},{1.6645631},{0.34783688},{1.4331881},{4.1144174},{5.0388117},{2.0343889},{6.2744768},{0.24433872},{3.1321985}};
