k[x_,y_]:=Exp[-1*Sum[(x[[i]]-y[[i]])^2,{i,1,Length[x]}]];
b=1.03183;
alphay={-0.01,0.01,-0.01,0.01,0.01,-0.01,0.01,-0.01,0.01,0.01,0.01,-0.01,0.01,-0.01,0.0058321653272983,-0.01,0.01,-0.01,-0.01,-0.01,-0.01,-0.0065548478872992,-0.01,-0.01,-0.01,0.01,0.01,-0.01,-0.01,-0.01,-0.01,0.01,-0.01,-0.01,0.01,0.01,0.01,-0.00407132316042358,0.01,-0.01,-0.01,-0.01,0.00416783467270156,-0.01,0.01,-0.01,0.01,0.01,0.01,0.01,0.01,0.01,0.01,0.01,-0.01,-0.00937382895227708,0.01,-0.01,-0.01,0.01,0.01,0.01};
xlist={{2.4546853},{3.1772913},{1.3090798},{4.3434217},{3.1327996},{5.1873545},{2.0531295},{2.2190821},{4.5614463},{3.3383598},{4.1472487},{2.6093513},{1.8859761},{3.8833121},{5.9566648},{2.4358525},{5.6259751},{2.4735931},{3.9117231},{2.2645348},{4.9545943},{5.1201746},{4.9109722},{5.1240698},{5.2967751},{1.7182214},{3.1515643},{1.102152},{2.2066628},{4.79685},{3.4994656},{4.2289196},{3.4489636},{2.4597538},{5.3690224},{4.5454569},{2.0144432},{2.8172866},{3.0543424},{2.7477751},{5.0361158},{1.4031909},{4.4797874},{1.3818296},{2.0495031},{1.2419512},{3.0191213},{1.8690259},{4.1190759},{1.7884086},{3.3352342},{4.4196367},{3.1601833},{1.9826193},{6.065606},{1.3431388},{3.2338012},{4.0121099},{1.3377643},{1.6645631},{2.0343889},{3.1321985}};
