k[x_,y_]:=Exp[-100*Sum[(x[[i]]-y[[i]])^2,{i,1,Length[x]}]];
b=0.989914;
alphay={66.0954226253495,1000,-238.812312523908,-2.67692527432053,6.21369412355794,2.86227032631438,14.8351583399809,-298.241688519319,-0.48993835741367,-5.65866961942044,1000,-73.4349023036775,149.764194763792,1000,985.357286157642,1000,-145.935569654494,-0.02060347449487,2.43538292202898,-1.03329842232853,-2.12736965338115,41.8473522652724,40.3926379132564,-1.80077059512746,-0.718874986276032,0.637062017042091,189.124948592696,-7.69310434135093,-4.46665380277396,-13.5468834710779,733.370571153681,-106.730451142576,0.298832401020124,0.488432847387034,-9.4167366989769,-311.221932700283,333.215285488496,63.7156549318309,-1000,-1000,-6.55400507616901,-975.615193616372,112.261275892387,487.700886214932,-0.79807890745441,491.547230051549,-223.383094605054,-1000,675.287204725899,16.2519749617544,197.059343377064,-43.6813812603824,-10.3404663056922,110.638261983681,-20.7551830435001,4.62637348319086,97.6573066414446,901.891134318574,418.078760411232,-53.4109411167559,28.4116657405944,-18.0158855404608,-78.2859687143107,-1000,-193.208666361862,-72.4798025900027,0.121154012779023,515.607486617828,-17.1503045311149,-4.79846192123425,-671.396749101561,13.7230716896385,-1000,-0.249062755778042,-872.304413621288,-688.638830436076,-824.217387911911,1.42473529700243,109.614941315273,0.03569757060596,373.536095461914,-32.8148906830963,-78.8565774549506,-542.485315050805,0.497367931099483,-17.372122262276,1.9093704761913,1000,465.474425053082,78.2417294487202,2.58137336658739,-834.63143775168,-1000,-1.12546914911477,-0.135335351841291,0.904209623303633,1000,20.5000849576433,-17.2601451309378,11.2502592338302,-0.470076791388123,-328.972214657002,-67.2099300354714,21.1190584379529,30.6459503425242,1000,-1000,1000,88.8713853472234,0.336121455460193,-196.573841972778,-791.242203060796};
xlist={{2.4546853},{4.9848066},{3.1772913},{0.66135807},{5.975306},{0.68183331},{1.3090798},{3.3685751},{4.3434217},{0.4072258},{3.1327996},{5.1873545},{2.2190821},{0.28378615},{4.5614463},{3.3383598},{4.1472487},{2.6093513},{0.82916265},{6.18229},{1.8859761},{4.1753719},{1.4935029},{0.78320274},{3.8833121},{0.56133996},{0.18210352},{0.92804736},{5.9566648},{2.4358525},{3.4171664},{4.716947},{5.6259751},{3.9117231},{2.2645348},{4.9545943},{5.1201746},{4.9109722},{5.1240698},{5.2967751},{1.7182214},{3.1515643},{4.6823773},{4.6049721},{1.102152},{0.98776147},{2.2066628},{0.28903084},{5.1331359},{6.0766647},{5.3359902},{4.79685},{4.211864},{4.0971703},{3.4994656},{4.2289196},{2.1833838},{5.2908885},{3.4489636},{2.4597538},{0.055630634},{1.6458729},{5.3690224},{3.4327108},{4.5454569},{2.0144432},{2.8172866},{0.99657565},{2.1333297},{3.0543424},{1.4452738},{5.41326},{4.5700694},{2.7477751},{5.0361158},{1.4031909},{4.9970912},{4.4797874},{0.28792094},{5.780912},{1.3818296},{2.0495031},{0.079622346},{0.14168031},{1.2419512},{5.2459606},{3.0191213},{4.1190759},{0.12932952},{4.7629933},{1.7884086},{3.3352342},{0.99257012},{5.4897863},{5.6673413},{4.4196367},{3.1601833},{1.9826193},{6.065606},{3.2338012},{4.0121099},{4.6225946},{1.3377643},{1.6645631},{0.34783688},{1.4331881},{4.1144174},{5.0388117},{2.0343889},{6.2744768},{0.24433872},{3.1321985}};
