k[x_,y_]:=Exp[-1*Sum[(x[[i]]-y[[i]])^2,{i,1,Length[x]}]];
b=1.06933;
alphay={1000,1000,-32.8004285179709,139.651884013083,-1000,-1000,-1000,-1000,-1000,1000,1000,1000,-1000,295.639853412919,1000,-393.038308761604,611.044828510443,-235.593115562175,1000,1000,-531.736491500091,1000,1000,-23.863690926768,236.693140756424,-1000,-1000,-1000,800.295430625167,1000,-1000,1000,-464.629590634945,-985.357880645196,-1000,1000,-1000,-655.744052713742,-1000,1000,-23.6069318760408,47.3462131248928,210.672596623758,1000,1000,1000,-1000,-1000,1000,-1000,1000,-1000,-1000,1000,-629.677906863733,-1000,239.637914141827,-1000,1000,1000,-1000,-1000,-1000,22.5359604603313,1000,396.482178331136,1000,-1000,-1000,-1000,1000,1000,1000,-23.9516019977265};
xlist={{2.4546853},{4.9848066},{0.66135807},{5.975306},{1.3090798},{3.3685751},{0.4072258},{5.1873545},{2.0531295},{0.28378615},{3.3383598},{4.1472487},{2.6093513},{6.18229},{4.7677898},{4.1753719},{0.78320274},{3.8833121},{5.9566648},{5.6259751},{2.4735931},{3.9117231},{2.2645348},{4.9545943},{1.3384962},{4.9109722},{5.1240698},{5.2967751},{1.7182214},{0.98776147},{0.28903084},{5.1331359},{5.3359902},{4.79685},{4.211864},{2.1833838},{3.4489636},{0.055630634},{1.6458729},{5.3690224},{3.4327108},{0.99657565},{2.1333297},{3.0543424},{1.4452738},{5.41326},{2.7477751},{5.0361158},{4.9970912},{4.4797874},{0.28792094},{5.780912},{2.0495031},{0.079622346},{0.14168031},{1.2419512},{3.0191213},{1.8690259},{4.1190759},{4.7629933},{1.7884086},{0.99257012},{5.4897863},{5.6673413},{4.4196367},{3.1601833},{1.9826193},{6.065606},{4.0121099},{4.6225946},{1.6645631},{1.4331881},{5.0388117},{3.1321985}};
