k[x_,y_]:=Exp[-1*Sum[(x[[i]]-y[[i]])^2,{i,1,Length[x]}]];
b=1.01909;
alphay={-23.7398942045347,-7.37368366747595,-5.36961384600029,2.14072485575754,-29.599913706413,5.56875889745739,-0.0873289086189988,3.17681514090903,10.0993541966041,36.3206585429646,9.51824352122838,-0.654120821878026};
xlist={{2.6093513},{1.4935029},{4.9109722},{0.98776147},{3.4994656},{2.1833838},{0.055630634},{5.3690224},{4.1190759},{3.1601833},{1.9826193},{6.065606}};
