k[x_,y_]:=Exp[-10*Sum[(x[[i]]-y[[i]])^2,{i,1,Length[x]}]];
b=1.00969;
alphay={1,0.174659279081923,-0.534926060424835,-0.211481895172894,-0.0134760982482727,0.128178986312746,1,0.299612831483367,-0.0390028428032936,0.301825016313361,-0.713162881225883,-0.252531201604648,-0.261283616183377,1,1,-0.315021568449322,-1,-1,0.0639433096443902,0.490102548521289,-0.139111340045342,1,-1,-0.353020611048695,1,0.230930399982342,-0.147067605007421,-1,-0.48708328923987,-0.975686554773717,-0.648026344807829,0.325415148491139,1,0.756566265784704,-1,1,0.228766214384739,-1,-0.46046478224163,-0.448653308722971,1};
xlist={{4.9848066},{5.975306},{3.3685751},{5.1873545},{2.0531295},{0.28378615},{3.3383598},{4.1472487},{2.6093513},{6.18229},{1.4935029},{3.8833121},{0.92804736},{5.9566648},{5.6259751},{2.4735931},{4.9109722},{5.2967751},{1.7182214},{0.98776147},{0.28903084},{5.1331359},{4.211864},{3.4489636},{5.3690224},{5.41326},{2.7477751},{5.0361158},{4.4797874},{5.780912},{1.2419512},{3.0191213},{4.1190759},{4.7629933},{5.4897863},{4.4196367},{1.9826193},{6.065606},{4.0121099},{4.6225946},{1.4331881}};
