k[x_,y_]:=Exp[-100*Sum[(x[[i]]-y[[i]])^2,{i,1,Length[x]}]];
b=1.02843;
alphay={0.00265975699332143,-0.113742946986716,-0.0403677581688142,-0.145889294844469,0.114246170607659,0.00397292064071981,0.135439614838507,0.0436815369197928};
xlist={{3.3383598},{2.6093513},{3.8833121},{2.4735931},{3.0543424},{3.0191213},{3.1601833},{3.2338012}};
