k[x_,y_]:=Exp[-100*Sum[(x[[i]]-y[[i]])^2,{i,1,Length[x]}]];
b=1.02259;
alphay={0.20637531932103,-0.0722177935497514,-0.0607135048686807,-0.0265481923777525,0.0265139174228061,0.283620759762936,-24.5120103411816,-0.291031582262811,0.0794877754812305,-0.000912424959666092,-0.30540522000305,0.0694030517049881,-0.0515356472176092,0.0129701864877545,-0.293327748288306,-0.0190046307599685,-0.246285720214824,-0.129737828140698,0.093331684242876,-0.00556524290222871,-0.0146825223728793,0.578546998236737,30.7182063400918,-0.0734796688302464,1.4448469452727,-0.00115111172819526,0.127312119662549,0.00994114262192569,0.0725875790795858,-0.120030022786881,-0.201384092377817,-0.00197261525434994,-0.034050325896997,-0.00335911945496559,-0.16308191960612,0.246868464363104,265.056928181334,-0.0222647024693327,-0.0509360718398685,0.221877869206066,0.309725201836745,0.144193922021781,-0.652521034107885,0.0913077381522511,0.0233924784041478,0.182562325293101,-272.646790916551};
xlist={{4.9848066},{3.3685751},{4.3434217},{2.2190821},{4.5614463},{3.3383598},{4.1472487},{2.6093513},{1.8859761},{1.4935029},{3.8833121},{5.9566648},{2.4358525},{5.6259751},{2.4735931},{2.2645348},{4.9109722},{5.2967751},{1.7182214},{1.102152},{0.28903084},{6.0766647},{4.0971703},{3.4994656},{4.2289196},{0.055630634},{5.3690224},{2.1333297},{3.0543424},{2.7477751},{5.0361158},{5.780912},{1.3818296},{0.14168031},{1.2419512},{3.0191213},{4.1190759},{0.99257012},{5.4897863},{4.4196367},{3.1601833},{1.9826193},{6.065606},{3.2338012},{2.8694185},{4.0121099},{4.1144174}};
