k[x_,y_]:=Exp[-0.01*Sum[(x[[i]]-y[[i]])^2,{i,1,Length[x]}]];
b=0.283722;
alphay={-100,100,100,100,-100,21.0211701251314,-100,21.9764804236651,-100,-100,-100,-100,100,-100,-100,100,-100,-4.2632564145606e-14,57.0023494512035,-100,100,100,100,100,100,-100,100};
xlist={{2.4546853},{3.1772913},{3.1327996},{3.3383598},{2.6093513},{1.8859761},{3.8833121},{5.9566648},{2.4358525},{2.4735931},{3.9117231},{4.9109722},{3.1515643},{3.4994656},{2.4597538},{3.0543424},{2.7477751},{5.0361158},{0.079622346},{1.2419512},{3.0191213},{4.4196367},{3.1601833},{1.9826193},{3.2338012},{4.0121099},{3.1321985}};
