k[x_,y_]:=Exp[-0.01*Sum[(x[[i]]-y[[i]])^2,{i,1,Length[x]}]];
b=0.464387;
alphay={91.4121318607532,-96.089585006556,-100,-100,-3.91041499344406,100,8.58786813924687,100};
xlist={{3.1327996},{2.6093513},{3.8833121},{2.4735931},{4.9109722},{3.0543424},{0.079622346},{3.1601833}};
