k[x_,y_]:=Exp[-10*Sum[(x[[i]]-y[[i]])^2,{i,1,Length[x]}]];
b=1.01191;
alphay={0.0141104633915205,0.1,0.0186178346525459,-0.1,0.0185861957048396,-0.1,-0.00152146182759927,-0.1,-0.1,-0.0774055116463131,0.0192551486552455,-0.1,-0.0355989068578518,-0.1,0.1,0.1,-0.0531597276802676,-0.1,0.1,0.1,-0.00408835282563429,0.1,0.1,0.1,-0.0123350500529577,0.0955212555117356,-0.0819818870252633};
xlist={{4.3434217},{3.3383598},{4.1472487},{2.6093513},{1.8859761},{3.8833121},{2.4358525},{2.4735931},{4.9109722},{5.2967751},{1.7182214},{3.4994656},{3.4489636},{2.4597538},{5.3690224},{3.0543424},{2.7477751},{1.2419512},{3.0191213},{4.1190759},{5.4897863},{4.4196367},{3.1601833},{1.9826193},{6.065606},{3.2338012},{4.0121099}};
