k[x_,y_]:=Exp[-1*Sum[(x[[i]]-y[[i]])^2,{i,1,Length[x]}]];
b=0.98881;
alphay={-3.12840200958384,-65.9852047513425,1.17776814008161,-124.248238366239,7.79087114040109,28.7904038463381,-11.3377390836062,49.3495866579886,-20.8159905381507,-19.0904752555217,-0.677469440544071,0.604447452912806,147.076455038449,-11.0030989065808,65.2104677238279,-43.713381648431};
xlist={{0.4072258},{2.6093513},{6.18229},{3.8833121},{0.98776147},{5.1331359},{3.4994656},{2.1833838},{1.6458729},{4.4797874},{5.780912},{0.079622346},{4.1190759},{5.4897863},{3.1601833},{4.6225946}};
