k[x_,y_]:=Exp[-10*Sum[(x[[i]]-y[[i]])^2,{i,1,Length[x]}]];
b=0.849325;
alphay={993.292365792183,1000,-624.348128305441,-1000,-234.616474221913,-1000,-447.5642369763,1000,1000,1000,1000,98.1924919803701,91.8782193589204,987.761542739182,33.3360478134762,-158.858199253521,-588.910077897022,410.711104889814,-660.692872212746,-496.347942604066,307.827176638731,642.672257880531,446.031306456473,-1000,1000,154.696425409841,1000,-132.684302945062,-1000,-1000,491.464159248778,-1000,457.568462512923,-1000,33.6230155829591,1000,-1000,-1000,1000,747.818726386292,-1000,-1000,-1000,320.773649277161,1000,-188.409406595299,-589.586058615936,-1000,1000,348.103412198283,1000,300.0177437823,789.28853914823,909.992102261686,-1000,-1000,790.005971783027,-1000,346.281599461591,-266.850217725918,-1000,-606.566561943783,1000,-558.45810477399,-265.129325860516,918.800275507243,1000,1000,-659.814321515815,-475.393389119425,-1000,-1000,614.040454300687,765.822949589366,1000,-1000,-55.630848198771,-617.567592188334,-266.990110280454,1000,1000,-1000,-37.3520445062214,-68.229784259483,-1000};
xlist={{2.4546853},{4.9848066},{0.66135807},{3.3685751},{0.4072258},{2.0531295},{2.2190821},{0.28378615},{4.5614463},{3.3383598},{4.1472487},{2.6093513},{6.18229},{4.7677898},{1.8859761},{4.1753719},{1.4935029},{0.78320274},{3.8833121},{0.92804736},{5.9566648},{3.4171664},{5.6259751},{2.4735931},{3.9117231},{2.2645348},{1.3384962},{5.1201746},{4.9109722},{5.1240698},{0.59106696},{5.2967751},{1.7182214},{4.6823773},{1.102152},{0.98776147},{2.2066628},{0.28903084},{5.1331359},{6.0766647},{5.3359902},{4.79685},{4.211864},{4.2289196},{2.1833838},{3.4489636},{0.055630634},{1.6458729},{5.3690224},{0.99657565},{2.1333297},{3.0543424},{1.4452738},{5.41326},{5.0361158},{1.4031909},{4.9970912},{4.4797874},{0.28792094},{5.780912},{1.3818296},{2.0495031},{0.079622346},{0.14168031},{1.2419512},{5.2459606},{4.1190759},{4.7629933},{1.7884086},{3.3352342},{0.99257012},{5.4897863},{4.4196367},{3.1601833},{1.9826193},{6.065606},{2.8694185},{4.0121099},{4.6225946},{1.6645631},{1.4331881},{4.1144174},{6.2744768},{0.24433872},{3.1321985}};
