k[x_,y_]:=Exp[-1*Sum[(x[[i]]-y[[i]])^2,{i,1,Length[x]}]];
b=0.933324;
alphay={1000,1000,-1000,1000,-1000,-1000,941.750045651555,-1000,-1000,-1000,-64.9623472272743,1000,1000,1000,1000,-1000,1000,1000,135.20047895103,-1000,-1000,1000,-377.826213348827,1000,-1000,1000,1000,1000,1000,-1000,1000,1000,-972.403444440273,1000,1000,-1000,-329.571262079583,144.595125377627,-1000,1000,-962.94862986082,-1000,-1000,1000,-1000,-1000,1000,-500.897241607173,-1000,-1000,-1000,982.47594680819,-35.697248831315,-1000,1000,-640.924739262354,-1000,886.555444195279,-1000,-1000,1000,-1000,-83.3379589254777,-318.499438645433,1000,1000,1000,1000,1000,-1000,-1000,-1000,1000,-1000,1000,-1000,-1000,-1000,1000,-1000,-1000,1000,-1000,1000,597.216111770467,1000,-1000,-221.052220112682,-1000,-1000,511.122221276511,1000,1000,1000,-1000,1000,1000,-1000,-1000,560.698699578755,1000,1000,1000,-251.493329268168,-1000,-1000};
xlist={{2.4546853},{4.9848066},{0.66135807},{0.68183331},{1.3090798},{3.3685751},{4.3434217},{0.4072258},{5.1873545},{2.0531295},{2.2190821},{0.28378615},{4.5614463},{3.3383598},{4.1472487},{2.6093513},{6.18229},{4.7677898},{1.8859761},{4.1753719},{1.4935029},{0.78320274},{3.8833121},{0.18210352},{0.92804736},{5.9566648},{3.4171664},{4.716947},{5.6259751},{2.4735931},{3.9117231},{2.2645348},{4.9545943},{1.3384962},{5.1201746},{4.9109722},{5.1240698},{0.59106696},{5.2967751},{1.7182214},{3.1515643},{4.6823773},{1.102152},{0.98776147},{2.2066628},{0.28903084},{5.1331359},{6.0766647},{5.3359902},{4.79685},{4.211864},{4.0971703},{3.4994656},{4.2289196},{2.1833838},{5.2908885},{3.4489636},{2.4597538},{0.055630634},{1.6458729},{5.3690224},{3.4327108},{2.0144432},{2.8172866},{0.99657565},{2.1333297},{3.0543424},{1.4452738},{5.41326},{4.5700694},{2.7477751},{5.0361158},{4.9970912},{4.4797874},{0.28792094},{5.780912},{1.3818296},{2.0495031},{0.079622346},{0.14168031},{1.2419512},{3.0191213},{1.8690259},{4.1190759},{0.12932952},{4.7629933},{1.7884086},{3.3352342},{0.99257012},{5.4897863},{5.6673413},{4.4196367},{3.1601833},{1.9826193},{6.065606},{1.3431388},{3.2338012},{4.0121099},{4.6225946},{1.3377643},{1.6645631},{1.4331881},{5.0388117},{6.2744768},{0.24433872},{3.1321985}};
