k[x_,y_]:=Exp[-10*Sum[(x[[i]]-y[[i]])^2,{i,1,Length[x]}]];
b=0.99394;
alphay={10,10,-6.08198991721859,-10,2.40077155320282,8.62164782712065,-10,-10,0.21810403130447,-1.24485059391247,-0.960576756913066,-9.20063412112121,-10,-10,10,10,10,10,2.053491367342,-7.57266221424312,10,10,9.82802399065499,-10,-10,10,-6.82042937365792,1.95548418493721,-10,10,-2.38787584978385,10,7.11439913560264,-10,10,7.92635085628523,-10,10,-10,-10,-10,10,-10,-10,0.176059083936632,2.30614597174666,10,-10,-10,10,-4.6168129332892,-10,-10,-10,1.50925415503172,3.87489945321055,1.97275347433226,10,4.69396764632732,-2.30790741582281,-7.44242765012125,-10,10,-10,10,10,10,5.76805256360367,7.70700662010148,-10,-10,9.25860842029051,-10,10,-10,-10,-10,10,-10,-10,10,0.949570115848674,-10,10,6.90703447026902,10,-10,-2.80274122264158,-10,-10,8.83210102697268,10,10,10,-10,10,10,-2.78833524157578,-10,-10,8.95506879860089,10,10,10,4.7354912389862,-3.53704269540742,-10,-10};
xlist={{2.4546853},{4.9848066},{3.1772913},{0.66135807},{5.975306},{0.68183331},{1.3090798},{3.3685751},{4.3434217},{0.4072258},{3.1327996},{5.1873545},{2.0531295},{2.2190821},{0.28378615},{4.5614463},{3.3383598},{4.1472487},{2.6093513},{0.82916265},{6.18229},{4.7677898},{1.8859761},{4.1753719},{1.4935029},{0.78320274},{3.8833121},{0.18210352},{0.92804736},{5.9566648},{2.4358525},{3.4171664},{4.716947},{2.4735931},{3.9117231},{2.2645348},{4.9545943},{1.3384962},{4.9109722},{5.1240698},{5.2967751},{1.7182214},{3.1515643},{4.6823773},{4.6049721},{1.102152},{0.98776147},{2.2066628},{0.28903084},{5.1331359},{6.0766647},{5.3359902},{4.79685},{4.211864},{4.0971703},{3.4994656},{4.2289196},{2.1833838},{5.2908885},{3.4489636},{0.055630634},{1.6458729},{5.3690224},{3.4327108},{0.99657565},{2.1333297},{3.0543424},{1.4452738},{5.41326},{5.0361158},{1.4031909},{4.9970912},{4.4797874},{0.28792094},{5.780912},{1.3818296},{2.0495031},{0.079622346},{0.14168031},{1.2419512},{5.2459606},{3.0191213},{1.8690259},{4.1190759},{0.12932952},{4.7629933},{1.7884086},{3.3352342},{0.99257012},{5.4897863},{5.6673413},{4.4196367},{3.1601833},{1.9826193},{6.065606},{1.3431388},{3.2338012},{2.8694185},{4.0121099},{4.6225946},{1.3377643},{1.6645631},{1.4331881},{5.0388117},{2.0343889},{6.2744768},{0.24433872},{3.1321985}};
