k[x_,y_]:=Exp[-1*Sum[(x[[i]]-y[[i]])^2,{i,1,Length[x]}]];
b=1.02015;
alphay={-1,1,-1,-0.123393650859328,1,1,0.419679362538892,-1,1,-0.641129796271213,1,-1,-1,-1,-1,-1,-0.257768943277163,-1,1,0.986872249145182,-0.427883839591044,-1,-1,1,-1,-1,1,-1,1,-0.604412949142492,1,0.252442079274439,-1,-0.295055994252408,-1,-1,1,1,1,1,1,1,-0.309348517564865,1,-1,1,1};
xlist={{2.4546853},{3.1772913},{1.3090798},{3.3685751},{4.3434217},{3.1327996},{4.1472487},{2.6093513},{1.8859761},{1.4935029},{0.78320274},{3.8833121},{2.4358525},{3.4171664},{2.4735931},{3.9117231},{4.9545943},{4.9109722},{3.1515643},{0.98776147},{0.28903084},{4.79685},{3.4994656},{4.2289196},{3.4489636},{2.4597538},{5.3690224},{3.4327108},{2.0144432},{2.8172866},{3.0543424},{5.41326},{2.7477751},{5.0361158},{1.3818296},{1.2419512},{3.0191213},{1.8690259},{4.1190759},{4.4196367},{3.1601833},{1.9826193},{6.065606},{3.2338012},{4.0121099},{2.0343889},{3.1321985}};
