k[x_,y_]:=Exp[-100*Sum[(x[[i]]-y[[i]])^2,{i,1,Length[x]}]];
b=1.01164;
alphay={2.22230598242882,1.19751062342545,2.22701422728501,0.0100752000695401,-1.51610621424299,-4.94306048189296,-0.249431421644678,-2.00926948978687,-0.0705153307342739,10,0.351203025058998,10,0.494032760986487,-0.270928849786714,0.113404388055772,-0.510645722838316,0.089211618729692,-0.20142769648336,-0.622180790736132,1.18066645744669,-0.755370869213151,-1.31879710868818,-1.21964443851539,6.06059016364366,-0.102220975476655,0.0459602777020006,-1.45328172361934,0.372110678057742,0.106351922220664,-0.819045770288268,2.60145234037521,-9.10486473337446,-9.06784622370544,0.0899186937432754,10,-0.834793478358482,-10,10,8.60075537285018,-3.06125482667224,-0.358344236548454,-3.71637312154463,0.227281357313824,3.21155958637258,0.753695841794951,10,-0.741572529443639,-0.284200237724831,4.08323079812235,-4.05986759262067,0.469707481722135,0.209178993240296,-5.81225022323909,-1.54805596269535,-0.160207843747879,-10,-5.3243012078949,-0.419784855504686,1.35269768458963,-0.0161851733080039,1.08544678649735,-1.06965815822689,-0.0297999277529568,0.199225564764142,10,0.425232401247347,0.0338243176266681,-6.82830128977002,-10,0.117414533622583,0.621449459616543,0.612793127380909,0.221739225477531,-9.03401036661668,-0.0505388320681765,0.0797023321630692,-0.162282677918005,0.393469370611002,0.0694847709343726,10,-9.99811931111827,9.9490047416644,0.121297893159121,-1.99325921826255,-0.262201087936411};
xlist={{2.4546853},{4.9848066},{5.975306},{0.68183331},{1.3090798},{3.3685751},{4.3434217},{5.1873545},{2.0531295},{0.28378615},{4.5614463},{3.3383598},{4.1472487},{2.6093513},{0.82916265},{6.18229},{1.8859761},{1.4935029},{3.8833121},{0.18210352},{0.92804736},{5.9566648},{2.4358525},{3.4171664},{4.716947},{5.6259751},{2.4735931},{3.9117231},{2.2645348},{4.9545943},{1.3384962},{5.1240698},{5.2967751},{1.102152},{0.98776147},{2.2066628},{0.28903084},{5.1331359},{6.0766647},{5.3359902},{4.79685},{4.211864},{4.0971703},{4.2289196},{2.1833838},{5.2908885},{0.055630634},{1.6458729},{5.3690224},{3.4327108},{0.99657565},{3.0543424},{1.4452738},{5.41326},{2.7477751},{5.0361158},{1.4031909},{4.4797874},{0.28792094},{5.780912},{0.079622346},{0.14168031},{1.2419512},{3.0191213},{4.1190759},{4.7629933},{1.7884086},{3.3352342},{0.99257012},{5.4897863},{4.4196367},{3.1601833},{1.9826193},{6.065606},{3.2338012},{2.8694185},{4.6225946},{1.6645631},{0.34783688},{1.4331881},{4.1144174},{5.0388117},{6.2744768},{0.24433872},{3.1321985}};
