k[x_,y_]:=Exp[-1*Sum[(x[[i]]-y[[i]])^2,{i,1,Length[x]}]];
b=0.916621;
alphay={1000,-5.92146774735887,102.658643817631,-509.197793829633,177.241759302299,-898.262283295123,-428.227457401535,4.15030175752006,-541.202771094994,70.8226898029658,-64.6288890370829,548.162971964484,-108.632732942405,2.86927711411182,1000,-331.305806118441,60.1467184238032,-112.620798533397,33.9476378171832};
xlist={{4.9848066},{0.4072258},{3.3383598},{3.8833121},{5.9566648},{4.9109722},{5.2967751},{0.98776147},{4.211864},{2.1833838},{1.6458729},{5.3690224},{2.7477751},{0.079622346},{4.1190759},{5.4897863},{3.1601833},{6.065606},{1.4331881}};
