k[x_,y_]:=Exp[-1*Sum[(x[[i]]-y[[i]])^2,{i,1,Length[x]}]];
b=1.10775;
alphay={-10,10,10,0.893187368653408,-10,10,-10,10,7.60995067585001,10,-10,5.14943193172965,-10,1.83481123255891,-10,10,-10,-10,-10,-10,-4.40508013192184,10,-0.977061178786292,-10,-10,10,-10,-0.0438416629757021,10,-10,10,-10,4.15920050264744,-10,10,10,-10,-10,-10,10,-10,7.55926588683918,-10,10,10,10,10,-10,-10,-7.04410961592353,5.67892717664613,-10,10,10,-7.52990741039264,-10,10,10,10,-10,10,-10,-10,7.97458784244833,10,10,9.14063738262692};
xlist={{2.4546853},{4.9848066},{3.1772913},{5.975306},{3.3685751},{4.3434217},{0.4072258},{3.1327996},{0.28378615},{4.1472487},{2.6093513},{6.18229},{1.4935029},{0.78320274},{3.8833121},{5.9566648},{2.4358525},{3.4171664},{4.716947},{2.4735931},{3.9117231},{2.2645348},{4.9545943},{4.9109722},{5.2967751},{3.1515643},{4.6823773},{4.6049721},{0.98776147},{0.28903084},{5.1331359},{4.79685},{4.0971703},{3.4994656},{4.2289196},{2.1833838},{3.4489636},{2.4597538},{1.6458729},{5.3690224},{3.4327108},{2.0144432},{2.8172866},{0.99657565},{2.1333297},{3.0543424},{5.41326},{2.7477751},{5.780912},{1.3818296},{0.079622346},{1.2419512},{3.0191213},{4.1190759},{1.7884086},{5.4897863},{4.4196367},{3.1601833},{1.9826193},{6.065606},{3.2338012},{4.0121099},{4.6225946},{1.4331881},{5.0388117},{2.0343889},{3.1321985}};
