k[x_,y_]:=Exp[-0.1*Sum[(x[[i]]-y[[i]])^2,{i,1,Length[x]}]];
b=0.831351;
alphay={-100,100,26.8734019025024,-100,100,100,-48.6203938254217,-100,100,100,-100,100,100,-100,100,-100,-100,100,-100,-100,-100,-100,-100,-100,-100,100,100,-100,-30.0938491150911,-100,-85.996667914018,-100,100,-100,-100,100,-100,100,100,-100,100,100,-100,-100,-100,-100,100,100,100,100,73.1265980974977,100,100,100,100,-100,100,-100,-81.2216411459335,100,100,-54.067447999536,100};
xlist={{2.4546853},{3.1772913},{0.68183331},{1.3090798},{4.3434217},{3.1327996},{5.1873545},{2.2190821},{4.5614463},{3.3383598},{2.6093513},{1.8859761},{0.78320274},{3.8833121},{5.9566648},{2.4358525},{3.4171664},{5.6259751},{2.4735931},{3.9117231},{2.2645348},{4.9545943},{4.9109722},{5.1240698},{5.2967751},{1.7182214},{3.1515643},{2.2066628},{0.28903084},{4.79685},{4.0971703},{3.4994656},{4.2289196},{3.4489636},{2.4597538},{5.3690224},{3.4327108},{4.5454569},{2.0144432},{2.8172866},{3.0543424},{5.41326},{2.7477751},{5.0361158},{1.3818296},{1.2419512},{3.0191213},{1.8690259},{4.1190759},{1.7884086},{3.3352342},{5.6673413},{4.4196367},{3.1601833},{1.9826193},{6.065606},{3.2338012},{4.0121099},{1.3377643},{1.6645631},{2.0343889},{6.2744768},{3.1321985}};
