k[x_,y_]:=Exp[-1*Sum[(x[[i]]-y[[i]])^2,{i,1,Length[x]}]];
b=1.02645;
alphay={-0.198616069776657,-0.0640643994203546,-0.0373195308029882,0.3};
xlist={{2.6093513},{3.8833121},{2.4735931},{3.1601833}};
