k[x_,y_]:=Exp[-100*Sum[(x[[i]]-y[[i]])^2,{i,1,Length[x]}]];
b=1.01804;
alphay={0.349050569813847,0.026114169906396,-1,-0.249430716024209,1,0.175120934935855,1,-0.304380730416299,0.0992966836638459,-0.255754291957399,0.0116747136665809,-0.522358682117514,-0.0453340973435551,0.0945764334719784,-0.0652772183683224,0.437655914506991,0.0515055333818193,-0.297730763611098,0.292681717437652,0.14676355254225,-0.324632304309072,-0.858436530830004,0.102293837808444,1,-0.329731219928443,-1,1,0.933472984795623,-0.527864082098227,-0.0112471009461053,-0.387406025829017,-0.196575896143653,0.416080385505505,0.298366754839729,0.0239543680004189,-0.010452606801616,0.580216991607718,0.0441393960035812,-0.0471340566920888,-0.143570490905247,-1,-0.716955361446971,-0.184082856798101,0.0440574427627798,-0.0258379780177274,-0.0213706659784658,-0.210835635585989,0.0794589147672275,0.287874233286042,1,0.0244877232177048,-0.0533528495522131,-1,-0.108255616506349,0.350651477994927,0.377408592357218,0.16126251845079,-1,0.0528837375245956,-0.141379906633326,-0.0647015209244988,0.024924501107377,0.762175582364814,-0.833629321304963,0.751850334278291,-0.0622814729295252};
xlist={{4.9848066},{5.975306},{3.3685751},{5.1873545},{0.28378615},{4.5614463},{3.3383598},{2.6093513},{1.8859761},{1.4935029},{0.78320274},{3.8833121},{0.92804736},{5.9566648},{2.4358525},{3.4171664},{5.6259751},{2.4735931},{3.9117231},{1.3384962},{4.9109722},{5.1240698},{1.7182214},{0.98776147},{2.2066628},{0.28903084},{5.1331359},{6.0766647},{5.3359902},{4.79685},{4.211864},{3.4994656},{4.2289196},{2.1833838},{5.2908885},{0.055630634},{5.3690224},{3.0543424},{5.41326},{2.7477751},{5.0361158},{1.4031909},{4.4797874},{0.28792094},{5.780912},{0.14168031},{1.2419512},{5.2459606},{3.0191213},{4.1190759},{4.7629933},{3.3352342},{0.99257012},{5.4897863},{4.4196367},{3.1601833},{1.9826193},{6.065606},{2.8694185},{4.0121099},{4.6225946},{1.6645631},{1.4331881},{4.1144174},{5.0388117},{0.24433872}};
