k[x_,y_]:=Sum[x[[i]]*y[[i]],{i,1,Length[x]}];
b=0.527719;
alphay={-100,-100,100,-6.76211918163978,100,-93.2378808183597,99.9999999999998};
xlist={{3.1327996},{1.8859761},{2.2645348},{5.2967751},{0.28792094},{1.3818296},{4.1144174}};
