k[x_,y_]:=Sum[x[[i]]*y[[i]],{i,1,Length[x]}];
b=0.681371;
alphay={0.0181649276582364,-0.0181649276582364};
xlist={{6.18229},{0.59106696}};
