k[x_,y_]:=Sum[x[[i]]*y[[i]],{i,1,Length[x]}];
b=0.623783;
alphay={0.01,0.01,-0.00872803431790698,-0.01,0.01,-0.00127196568209302,-0.01};
xlist={{4.9848066},{6.18229},{1.8859761},{0.59106696},{4.6049721},{0.98776147},{1.3818296}};
