k[x_,y_]:=Sum[x[[i]]*y[[i]],{i,1,Length[x]}];
b=0.547483;
alphay={-0.0524817293069273,-0.1,0.1,-0.0475182706930728,5.55111512312578e-17,0.1,-0.1,0.1};
xlist={{3.1327996},{1.8859761},{2.2645348},{0.59106696},{4.6049721},{0.28792094},{1.3818296},{4.1144174}};
