k[x_,y_]:=Sum[x[[i]]*y[[i]],{i,1,Length[x]}];
b=0.607249;
alphay={0.0104891444946696,-0.03,0.0195108555053304};
xlist={{4.9848066},{0.59106696},{4.6049721}};
