k[x_,y_]:=Sum[x[[i]]*y[[i]],{i,1,Length[x]}];
b=1.01079;
alphay={-0.000118883095494322,0.000118883095494322};
xlist={{0.14168031},{6.2744768}};
