k[x_,y_]:=Sum[x[[i]]*y[[i]],{i,1,Length[x]}];
b=0.539688;
alphay={0.01,-0.01,0.000365238898634781,0.01,-0.01,0.0091918174312485,0.01,-0.01,-0.01,-0.01,-0.01,0.01,-0.01,-6.93889390390723e-18,-0.01,-0.01,-0.01,0.01,0.01,-0.01,0.01,-0.01,0.000442943670116737,0.01,0.01,0.01,0.01};
xlist={{4.9848066},{3.1327996},{0.82916265},{6.18229},{1.8859761},{0.56133996},{2.2645348},{5.1201746},{0.59106696},{5.2967751},{1.7182214},{4.6049721},{0.98776147},{3.4994656},{2.0144432},{0.99657565},{2.7477751},{0.28792094},{5.780912},{1.3818296},{3.0191213},{1.7884086},{5.4897863},{5.6673413},{3.1601833},{1.6645631},{4.1144174}};
