k[x_,y_]:=Sum[x[[i]]*y[[i]],{i,1,Length[x]}];
b=0.523918;
alphay={-10,-10,10,-0.640928473176661,2.48689957516035e-14,10,-9.35907152682335,10};
xlist={{3.1327996},{1.8859761},{2.2645348},{5.2967751},{4.6049721},{0.28792094},{1.3818296},{4.1144174}};
