k[x_,y_]:=Sum[x[[i]]*y[[i]],{i,1,Length[x]}];
b=0.582094;
alphay={0.01,0.00435362266466864,-0.01,0.01,-0.01,0.01,-0.01,-0.00435362266466864,-0.01,0.01};
xlist={{4.9848066},{6.18229},{1.8859761},{2.2645348},{0.59106696},{4.6049721},{0.98776147},{0.99657565},{1.3818296},{4.1144174}};
