k[x_,y_]:=Sum[x[[i]]*y[[i]],{i,1,Length[x]}];
b=0.531087;
alphay={-300,242.62309728173,57.3769027182703};
xlist={{1.8859761},{2.2645348},{0.28792094}};
