k[x_,y_]:=Sum[x[[i]]*y[[i]],{i,1,Length[x]}];
b=0.549597;
alphay={-1000,1000,813.015326566946,-1000,186.984673433054};
xlist={{1.8859761},{2.2645348},{0.28792094},{1.3818296},{4.1144174}};
