k[x_,y_]:=Sum[x[[i]]*y[[i]],{i,1,Length[x]}];
b=0.549567;
alphay={-100,100,81.2671135394978,-100,18.7328864605026};
xlist={{1.8859761},{2.2645348},{0.28792094},{1.3818296},{4.1144174}};
