k[x_,y_]:=Sum[x[[i]]*y[[i]],{i,1,Length[x]}];
b=0.696931;
alphay={0.01,-0.01,-0.00695465854438128,0.00695465854438128};
xlist={{6.18229},{0.59106696},{0.14168031},{6.2744768}};
