k[x_,y_]:=Sum[x[[i]]*y[[i]],{i,1,Length[x]}];
b=0.527641;
alphay={-1,-1,1,-0.0288094021894368,1,-0.971190597810563,0.999999999999999};
xlist={{3.1327996},{1.8859761},{2.2645348},{5.2967751},{0.28792094},{1.3818296},{4.1144174}};
