k[x_,y_]:=Sum[x[[i]]*y[[i]],{i,1,Length[x]}];
b=0.530132;
alphay={1,-1,0.211954805678998,1,-1,-1,-1,1,-1,1,1,-1,1,1,-1,-1,1,1,-1,-1,-1,-1,-1,1,-1,-1,1,-1,-1,1,-1,-1,-1,-1,-1,-1,-1,-1,-0.999999999999999,1,1,-1,-1,1,-1,-1,1,1,1,1,1,1,1,1,1,1,0.788089010131071,1,0.999956184189928,1,1};
xlist={{4.9848066},{3.1772913},{3.3685751},{0.4072258},{3.1327996},{2.0531295},{2.2190821},{0.28378615},{2.6093513},{0.82916265},{6.18229},{1.8859761},{0.56133996},{0.18210352},{5.9566648},{3.4171664},{2.2645348},{1.3384962},{5.1201746},{4.9109722},{0.59106696},{5.2967751},{1.7182214},{4.6049721},{0.98776147},{2.2066628},{6.0766647},{5.3359902},{4.79685},{4.211864},{3.4994656},{3.4327108},{2.0144432},{2.8172866},{0.99657565},{2.1333297},{2.7477751},{4.9970912},{4.4797874},{0.28792094},{5.780912},{1.3818296},{0.14168031},{3.0191213},{1.7884086},{3.3352342},{5.4897863},{5.6673413},{4.4196367},{3.1601833},{1.9826193},{1.3431388},{4.0121099},{4.6225946},{1.6645631},{0.34783688},{1.4331881},{4.1144174},{6.2744768},{0.24433872},{3.1321985}};
