k[x_,y_]:=Sum[x[[i]]*y[[i]],{i,1,Length[x]}];
b=1.00723;
alphay={-0.0003,0.0003};
xlist={{0.14168031},{6.2744768}};
