k[x_,y_]:=Sum[x[[i]]*y[[i]],{i,1,Length[x]}];
b=0.531012;
alphay={-3,2.50420762721202,0.495792372787977};
xlist={{1.8859761},{2.2645348},{0.28792094}};
