k[x_,y_]:=Sum[x[[i]]*y[[i]],{i,1,Length[x]}];
b=0.52843;
alphay={-1000,-1000,1000,-67.9740262676564,1000,-932.025973732368,999.999999999987};
xlist={{3.1327996},{1.8859761},{2.2645348},{5.2967751},{0.28792094},{1.3818296},{4.1144174}};
