k[x_,y_]:=Sum[x[[i]]*y[[i]],{i,1,Length[x]}];
b=0.570304;
alphay={-0.3,0.290093827397992,0.0099061726020079};
xlist={{1.8859761},{2.2645348},{4.6049721}};
