k[x_,y_]:=Sum[x[[i]]*y[[i]],{i,1,Length[x]}];
b=0.530292;
alphay={10,-10,10,-10,10,10,-10,-10,-10,-10,10,-10,-10,-10,-9.99999999999999,10,1.11501520177575,-10,10,-10,10,8.88498479822419,10,10,10};
xlist={{4.9848066},{3.1327996},{0.82916265},{1.8859761},{0.56133996},{2.2645348},{5.1201746},{0.59106696},{5.2967751},{1.7182214},{4.6049721},{0.98776147},{2.0144432},{0.99657565},{2.7477751},{0.28792094},{5.780912},{1.3818296},{3.0191213},{1.7884086},{3.1601833},{1.3431388},{1.6645631},{0.34783688},{4.1144174}};
