k[x_,y_]:=Sum[x[[i]]*y[[i]],{i,1,Length[x]}];
b=0.549564;
alphay={-1,1,0.774810106472746,-1,0.225189893527254};
xlist={{1.8859761},{2.2645348},{0.28792094},{1.3818296},{4.1144174}};
