k[x_,y_]:=Sum[x[[i]]*y[[i]],{i,1,Length[x]}];
b=0.954108;
alphay={-0.003,0.003};
xlist={{0.14168031},{6.2744768}};
