k[x_,y_]:=Sum[x[[i]]*y[[i]],{i,1,Length[x]}];
b=0.531019;
alphay={-30,24.3331975960839,5.66680240391608};
xlist={{1.8859761},{2.2645348},{0.28792094}};
