k[x_,y_]:=Sum[x[[i]]*y[[i]],{i,1,Length[x]}];
b=0.549564;
alphay={-0.1,0.1,0.043061893457888,-0.1,0.056938106542112};
xlist={{1.8859761},{2.2645348},{0.28792094},{1.3818296},{4.1144174}};
