k[x_,y_]:=Sum[x[[i]]*y[[i]],{i,1,Length[x]}];
b=0.549564;
alphay={-10,10,8.09229223671639,-10,1.90770776328362};
xlist={{1.8859761},{2.2645348},{0.28792094},{1.3818296},{4.1144174}};
