k[x_,y_]:=Exp[-10*Sum[(x[[i]]-y[[i]])^2,{i,1,Length[x]}]];
b=20.8011;
alphay={308.942185486288,469.668532165527,1077.43175715875,1102.32339877018,8320.21932655505,1360.54572786641,65.251352878422,57.1265686595242,103.473564746874,886.499588910723,921.591170240641,71.7103695701391,-101.096855562144,-142.550232992829,-53.3368419892065,-1169.27371169819,-4033.18389535356,-1563.14601344592,-3582.39184605241,-1566.44184444412,-222.055690889017,-74.3913477835869,-417.773195281729,-1574.06524648885,-245.076821026968};
xlist={{0.360093,0.646983},{0.418695,0.10468},{0.68337,0.440545},{0.13663,0.262902},{0.495125,0.325213},{0.379863,0.529109},{0.440172,1.00841},{0.487871,0.111103},{0.250564,0.753809},{0.578727,0.476415},{0.765891,0.256365},{0.607621,-0.077997},{0.0206407,0.0295645},{0.385996,0.887502},{0.0522963,0.774322},{0.376192,0.201014},{0.604777,0.331108},{0.61887,0.423515},{0.408612,0.3708},{0.417023,0.505005},{-0.0214035,0.379025},{0.689716,-0.12555},{0.117103,0.233079},{0.528421,0.233206},{0.37597,0.744311}};
