k[x_,y_]:=Exp[-0.01*Sum[(x[[i]]-y[[i]])^2,{i,1,Length[x]}]];
b=68.4395;
alphay={25373.1414460296,14282.89628167,-39656.0377276996};
xlist={{0.840499,0.281478},{-0.0264878,0.27404},{0.528421,0.233206}};
