k[x_,y_]:=Exp[-0.01*Sum[(x[[i]]-y[[i]])^2,{i,1,Length[x]}]];
b=0;
alphay={136.438954173951,-136.438954173951};
xlist={{0.840499,0.281478},{0.0206407,0.0295645}};
