k[x_,y_]:=Exp[-10*Sum[(x[[i]]-y[[i]])^2,{i,1,Length[x]}]];
b=0.419768;
alphay={1000,1000,126.938931267393,575.158647356531,437.585750110093,1000,843.306511184965,1000,125.289404465987,981.086619058794,1000,978.629227604545,392.231792792659,252.711070969652,941.98057201098,47.5485811857557,6.4047940967477,253.890333239235,418.799791297281,49.4013946062652,360.581595446396,-1000,-317.496673079716,-708.270325229706,-419.551873034651,-413.971723739175,-531.296892194134,-12.5564404005206,-1000,-529.10297922608,-119.641578192991,-123.207975227587,-1000,-21.7094569396555,-68.7513959353092,-503.986310207325,-246.143682983356,-775.857710303075,-1000,-1000,-1000,-1000};
xlist={{0.360093,0.646983},{0.418695,0.10468},{-0.0157762,0.738099},{0.673529,0.0949919},{0.68337,0.440545},{0.13663,0.262902},{0.495125,0.325213},{0.379863,0.529109},{0.246365,0.855081},{0.487871,0.111103},{0.543957,0.349208},{0.278634,0.808098},{0.0110814,0.859311},{0.511632,0.808351},{0.250564,0.753809},{0.62957,0.0690551},{0.765891,0.256365},{0.41679,0.620476},{0.607621,-0.077997},{-0.0264878,0.27404},{0.301218,0.929714},{0.498192,0.0323012},{0.385996,0.887502},{0.636672,0.126339},{0.0522963,0.774322},{0.376192,0.201014},{0.285938,0.623338},{0.604777,0.331108},{0.61887,0.423515},{0.408612,0.3708},{-0.0387023,0.942066},{0.0786966,0.378012},{0.417023,0.505005},{-0.0214035,0.379025},{0.397879,0.428277},{0.387878,0.112702},{0.689716,-0.12555},{0.117103,0.233079},{0.528421,0.233206},{0.37597,0.744311},{0.215411,0.863786},{0.312654,0.703243}};
