k[x_,y_]:=Sum[x[[i]]*y[[i]],{i,1,Length[x]}];
b=-116.106;
alphay={799955.332317277,260525.427596129,-514820.44361642,-545660.316296985};
xlist={{0.840499,0.281478},{-0.0264878,0.27404},{0.636672,0.126339},{0.61887,0.423515}};
