k[x_,y_]:=Exp[-10*Sum[(x[[i]]-y[[i]])^2,{i,1,Length[x]}]];
b=0.131258;
alphay={1,1,0.456738927440258,1,1,0.326980367182863,0.399441219639222,1,1,1,1,1,0.622034355364402,1,1,1,0.846750802084097,1,1,1,1,1,0.716856102293338,0.510969362382638,0.433537960183664,0.259783217932266,1,1,1,1,-0.384168563295431,-1,-1,-1,-1,-1,-0.567750089948181,-1,-1,-1,-1,-1,-1,-1,-1,-1,-1,-1,-1,-0.929378111597386,-1,-0.69179554966175,-1,-1,-1,-1,-1};
xlist={{0.360093,0.646983},{0.418695,0.10468},{1.0466,0.827462},{-0.0157762,0.738099},{0.673529,0.0949919},{0.628049,1.02427},{0.479623,0.637502},{0.13663,0.262902},{0.495125,0.325213},{0.379863,0.529109},{0.246365,0.855081},{0.487871,0.111103},{1.09276,0.0378117},{0.543957,0.349208},{0.278634,0.808098},{0.0110814,0.859311},{0.533272,0.552468},{0.250564,0.753809},{0.62957,0.0690551},{0.654752,0.0335914},{0.497388,0.446537},{0.578727,0.476415},{0.300382,0.946313},{1.01771,0.507909},{0.70321,0.0420763},{0.848907,0.958624},{0.41679,0.620476},{0.607621,-0.077997},{-0.0264878,0.27404},{0.301218,0.929714},{0.0206407,0.0295645},{0.498192,0.0323012},{0.385996,0.887502},{0.636672,0.126339},{0.421366,-0.0562014},{0.0522963,0.774322},{0.376192,0.201014},{0.285938,0.623338},{0.0798416,0.738393},{0.604777,0.331108},{0.61887,0.423515},{0.627738,-0.127439},{0.408612,0.3708},{-0.0387023,0.942066},{0.142306,0.697557},{0.417023,0.505005},{-0.0214035,0.379025},{0.397879,0.428277},{0.387878,0.112702},{-0.133257,-0.0944183},{0.689716,-0.12555},{0.117103,0.233079},{0.528421,0.233206},{0.371765,0.479916},{0.37597,0.744311},{0.215411,0.863786},{0.312654,0.703243}};
