k[x_,y_]:=Exp[-100*Sum[(x[[i]]-y[[i]])^2,{i,1,Length[x]}]];
b=0.0857932;
alphay={0.292904953597751,2.44360386338121,13.3859958886659,0.899154976985355,5.36548826518747,0.154132636807525,0.720985946351594,0.19562029304385,2.63894981854858,0.491421335352139,0.266054992725368,4.4925079492041,8.86823299173322,0.51396306907186,0.37143393238441,0.558949869970642,0.314407818489325,8.85775443471957,8.64713888007952,0.316545964732926,1.08875105877962,0.72502732285818,3.11800069343796,2.37504494708422,0.547748631481144,0.712576097191172,1.14246992234319,1.99094154481784,2.61248967910897,0.310702601127306,2.60120102483181,2.92274244501104,0.702284650902157,0.599998494472789,1.05350327272547,0.39011989376004,0.768360573182364,0.75876381302386,0.27839359270364,0.549466621073457,0.592591018046928,3.79590630773448,1.73690157824088,-0.149004500716238,-3.76719261757211,-2.34047057968284,-4.85761752615293,-0.631675050003099,-3.74117537645781,-2.71325498577407,-1.2914602841061,-6.86464652372732,-3.78065588897169,-0.895885585935866,-0.830683804084878,-1.9890279818864,-0.144534875748965,-1.28353833862081,-7.95761292727406,-1.2391709375868,-1.32641858729247,-0.240467868606611,-3.94592132076787,-12.4387527920147,-0.434996975071263,-1.00012635030037,-0.793849225047633,-0.0648678057780011,-0.656732075893435,-0.363157733737038,-8.6498204950885,-1.57560700524232,-2.17378067588238,-0.639198216760499,-1.35027045077144,-9.24085794374026,-1.79680035867413};
xlist={{0.840499,0.281478},{0.360093,0.646983},{0.418695,0.10468},{1.0466,0.827462},{-0.0157762,0.738099},{0.72364,0.622105},{0.638593,1.01177},{0.828389,0.562402},{0.673529,0.0949919},{0.540073,0.632543},{1.02553,0.0551194},{0.68337,0.440545},{0.13663,0.262902},{0.812446,0.053315},{0.630965,0.794841},{0.771956,0.829553},{0.889988,0.885488},{0.379863,0.529109},{0.246365,0.855081},{0.521771,0.879311},{0.440172,1.00841},{1.09276,0.0378117},{0.543957,0.349208},{0.0110814,0.859311},{0.864102,0.753841},{0.693385,0.670709},{0.511632,0.808351},{0.250564,0.753809},{0.62957,0.0690551},{1.01851,0.151464},{0.497388,0.446537},{0.578727,0.476415},{0.87112,0.531096},{0.979422,0.225369},{0.300382,0.946313},{0.877117,0.157584},{1.01771,0.507909},{0.765891,0.256365},{0.718745,0.919881},{0.881001,0.387735},{0.848907,0.958624},{0.607621,-0.077997},{-0.0264878,0.27404},{0.0206407,0.0295645},{0.498192,0.0323012},{0.385996,0.887502},{0.636672,0.126339},{0.421366,-0.0562014},{0.0522963,0.774322},{0.285938,0.623338},{0.604777,0.331108},{0.61887,0.423515},{0.627738,-0.127439},{0.232653,0.419853},{0.408612,0.3708},{-0.0387023,0.942066},{0.142306,0.697557},{0.0786966,0.378012},{0.417023,0.505005},{-0.0214035,0.379025},{0.276979,0.259471},{0.0289955,0.69457},{-0.0355963,0.681824},{0.387878,0.112702},{0.225396,0.513348},{-0.133257,-0.0944183},{-0.00114044,-0.00856001},{0.689716,-0.12555},{0.127793,0.0509834},{0.15762,0.649708},{0.117103,0.233079},{0.528421,0.233206},{0.371765,0.479916},{0.0622781,0.523608},{0.37597,0.744311},{0.215411,0.863786},{0.312654,0.703243}};
