k[x_,y_]:=Exp[-10*Sum[(x[[i]]-y[[i]])^2,{i,1,Length[x]}]];
b=-0.0563044;
alphay={100,100,100,25.6267924220224,32.5767097535009,100,100,100,28.9107560721928,22.0350354911325,4.57869299048812,100,100,100,100,28.7415718595466,100,51.105998806435,97.9748334997125,34.9357318215533,100,16.7169915534928,67.0769293017061,-100,-100,-100,-100,-48.5053125556953,-60.2215714206966,-100,-58.7983225499839,-27.0752365152214,-53.472566141453,-100,-12.7006849184531,-100,-35.7063800408504,-88.9516812016522,-18.6713589923131,-87.5197693939762,-98.4494784068406,-20.2076814346475,-100,-100,-100};
xlist={{0.360093,0.646983},{0.418695,0.10468},{-0.0157762,0.738099},{0.673529,0.0949919},{0.68337,0.440545},{0.13663,0.262902},{0.495125,0.325213},{0.379863,0.529109},{0.246365,0.855081},{0.521771,0.879311},{0.440172,1.00841},{0.487871,0.111103},{0.543957,0.349208},{0.278634,0.808098},{0.0110814,0.859311},{0.511632,0.808351},{0.250564,0.753809},{0.62957,0.0690551},{0.497388,0.446537},{0.765891,0.256365},{0.607621,-0.077997},{-0.0264878,0.27404},{0.301218,0.929714},{0.498192,0.0323012},{0.385996,0.887502},{0.636672,0.126339},{0.0522963,0.774322},{0.0798416,0.738393},{0.604777,0.331108},{0.61887,0.423515},{0.627738,-0.127439},{0.408612,0.3708},{-0.0387023,0.942066},{0.417023,0.505005},{-0.0214035,0.379025},{0.397879,0.428277},{-0.0355963,0.681824},{0.387878,0.112702},{0.689716,-0.12555},{0.117103,0.233079},{0.528421,0.233206},{0.371765,0.479916},{0.37597,0.744311},{0.215411,0.863786},{0.312654,0.703243}};
