k[x_,y_]:=Exp[-10*Sum[(x[[i]]-y[[i]])^2,{i,1,Length[x]}]];
b=-0.373139;
alphay={845.479538524284,845.479538524284,376.123113288274,587.301653877877,361.204995974998,102.129773684052,845.479538524284,756.313491703363,845.479538524284,549.369359108263,845.479538524284,845.479538524284,296.633499957906,349.524111753322,174.092914135118,845.479538524284,5.93142316392677,6.79327593315779,0.699494743361889,422.838356903076,39.342227805737,199.100000588989,-845.479538524284,-212.018341902146,-706.674818833185,-550.022885928033,-359.114786251761,-326.80267168877,-2.53323216456649,-845.479538524284,-53.5314819473824,-469.586239556832,-131.38640377806,-120.930643984441,-845.479538524284,-33.6759505386667,-131.359959337769,-428.085175733758,-211.383911813112,-651.990850235387,-845.479538524284,-23.5453190487819,-660.234558403053,-845.479538524284,-845.479538524284};
xlist={{0.360093,0.646983},{0.418695,0.10468},{-0.0157762,0.738099},{0.673529,0.0949919},{0.68337,0.440545},{0.479623,0.637502},{0.13663,0.262902},{0.495125,0.325213},{0.379863,0.529109},{0.246365,0.855081},{0.487871,0.111103},{0.543957,0.349208},{0.278634,0.808098},{0.0110814,0.859311},{0.511632,0.808351},{0.250564,0.753809},{0.62957,0.0690551},{0.765891,0.256365},{0.41679,0.620476},{0.607621,-0.077997},{-0.0264878,0.27404},{0.301218,0.929714},{0.498192,0.0323012},{0.385996,0.887502},{0.636672,0.126339},{0.0522963,0.774322},{0.376192,0.201014},{0.285938,0.623338},{0.604777,0.331108},{0.61887,0.423515},{0.627738,-0.127439},{0.408612,0.3708},{-0.0387023,0.942066},{0.0786966,0.378012},{0.417023,0.505005},{0.397879,0.428277},{-0.0355963,0.681824},{0.387878,0.112702},{0.689716,-0.12555},{0.117103,0.233079},{0.528421,0.233206},{0.371765,0.479916},{0.37597,0.744311},{0.215411,0.863786},{0.312654,0.703243}};
