k[x_,y_]:=Exp[-100*Sum[(x[[i]]-y[[i]])^2,{i,1,Length[x]}]];
b=0.117865;
alphay={2.87137115629074,6.56420925645056,0.842322989057245,5.98337873937489,0.308089937337087,0.440862654443004,3.25616438863399,0.521941475928119,0.323068154933364,0.336582323618542,0.73019544874134,4.04217476318154,6.56420925645056,0.421527475642572,0.239700809112954,0.161466598592045,0.362770066553244,0.185555830588106,6.56420925645056,6.20402261146516,0.598121888788165,1.02082259131158,1.42015518390578,0.624876173223327,3.16959936307111,2.36622112180247,0.699892343365068,0.0526527513720189,0.505192833363991,0.749840526781967,2.19122403032337,1.87783808209409,0.0583810752947803,0.016142538764837,0.329716521125961,2.00593244792999,2.73158166800877,0.176809754236659,0.0869832110068812,0.512647950030033,1.0920688795801,0.481491797717857,0.777810047771448,0.850321274183157,0.43679549876042,0.238939761968454,0.451557797554407,0.591960300226864,4.05943419198143,1.67167627901608,-0.258930789461101,-3.13318207135399,-2.17674594805389,-4.97541326229833,-0.623216194965332,-4.21935760082996,-2.25111606492587,-1.36144208435887,-6.30808625352226,-4.16920597640791,-0.724419893988201,-1.00329622326621,-2.01836971122659,-1.27462476730997,-6.40025991411247,-1.17610401263415,-1.2670558049858,-0.221107977795731,-0.0619292792587249,-0.272113873834857,-0.152262258124823,-0.286902938324421,-4.34545587900485,-6.56420925645056,-0.480122080281123,-1.05175412125689,-0.718584325302314,-0.697227668889563,-0.501499857736288,-6.56420925645056,-1.55065729147467,-1.32154058032285,-0.475457941192314,-1.1148294301292,-6.56420925645056,-2.48561123142549};
xlist={{0.360093,0.646983},{0.418695,0.10468},{1.0466,0.827462},{-0.0157762,0.738099},{0.630554,0.687526},{0.828389,0.562402},{0.673529,0.0949919},{0.540073,0.632543},{1.02553,0.0551194},{0.710005,0.821462},{0.628049,1.02427},{0.68337,0.440545},{0.13663,0.262902},{0.812446,0.053315},{0.630965,0.794841},{0.771956,0.829553},{0.889988,0.885488},{0.883775,0.462865},{0.379863,0.529109},{0.246365,0.855081},{0.521771,0.879311},{0.440172,1.00841},{0.487871,0.111103},{1.09276,0.0378117},{0.543957,0.349208},{0.0110814,0.859311},{0.864102,0.753841},{0.693385,0.670709},{0.720744,0.64232},{0.511632,0.808351},{0.250564,0.753809},{0.62957,0.0690551},{0.506484,1.02326},{0.609454,0.974365},{1.01851,0.151464},{0.497388,0.446537},{0.578727,0.476415},{0.87112,0.531096},{0.924564,0.499451},{0.979422,0.225369},{0.300382,0.946313},{0.877117,0.157584},{1.01771,0.507909},{0.765891,0.256365},{0.718745,0.919881},{0.881001,0.387735},{0.894811,0.336494},{0.848907,0.958624},{0.607621,-0.077997},{-0.0264878,0.27404},{0.0206407,0.0295645},{0.498192,0.0323012},{0.385996,0.887502},{0.636672,0.126339},{0.421366,-0.0562014},{0.0522963,0.774322},{0.285938,0.623338},{0.604777,0.331108},{0.61887,0.423515},{0.627738,-0.127439},{0.232653,0.419853},{0.408612,0.3708},{-0.0387023,0.942066},{0.0786966,0.378012},{0.417023,0.505005},{-0.0214035,0.379025},{0.276979,0.259471},{0.0237432,0.52569},{0.174582,0.522359},{0.0289955,0.69457},{0.298553,0.444681},{0.211731,0.129404},{-0.0355963,0.681824},{0.387878,0.112702},{0.225396,0.513348},{-0.133257,-0.0944183},{-0.00114044,-0.00856001},{0.127793,0.0509834},{0.15762,0.649708},{0.117103,0.233079},{0.528421,0.233206},{0.371765,0.479916},{0.0622781,0.523608},{0.37597,0.744311},{0.215411,0.863786},{0.312654,0.703243}};
