k[x_,y_]:=Sum[x[[i]]*y[[i]],{i,1,Length[x]}];
b=0.843636;
alphay={6104.98921895255,4546.68953303927,6104.98921895255,1558.29968591328,-5947.91611700094,-6104.98921895255,-6104.98921895255,-157.07310195161};
xlist={{0.840499,0.281478},{0.360093,0.646983},{0.418695,0.10468},{-0.0157762,0.738099},{0.498192,0.0323012},{0.385996,0.887502},{0.636672,0.126339},{0.61887,0.423515}};
