k[x_,y_]:=Exp[-0.1*Sum[(x[[i]]-y[[i]])^2,{i,1,Length[x]}]];
b=46.669;
alphay={2164.34810933501,1207.06089044664,-241.839870519575,-3129.56912926208};
xlist={{0.840499,0.281478},{-0.0264878,0.27404},{0.385996,0.887502},{0.528421,0.233206}};
