k[x_,y_]:=(0.5*Sum[x[[i]]*y[[i]],{i,1,Length[x]}]+0)^3;
b=-1.70939;
alphay={-10632.5824993067,-27277.8959288886,-27277.8959288886,-12402.6114126414,-4242.70201694056,23273.0949315115,27277.8959288886,27277.8959288886,4004.80099737711};
xlist={{0.840499,0.281478},{0.360093,0.646983},{0.418695,0.10468},{0.440172,1.00841},{-0.0264878,0.27404},{0.498192,0.0323012},{0.385996,0.887502},{0.604777,0.331108},{0.371765,0.479916}};
