k[x_,y_]:=Exp[-0.1*Sum[(x[[i]]-y[[i]])^2,{i,1,Length[x]}]];
b=-179.005;
alphay={-14434.2195468225,-14434.2195468225,-13060.0227626969,-604.575320722213,-10928.944792926,-14434.2195468225,-14434.2195468225,-408.904633654276,-14434.2195468225,-8923.53339829776,-3351.61056463349,-530.569590106834,-14434.2195468225,-374.720226462206,-348.220041681225,-14434.2195468225,-358.180607597273,-403.758400536091,-3720.44470223123,-391.941594539431,-14434.2195468225,-14059.4993203603,-271.952230844943,14434.2195468225,11950.3060711511,14434.2195468225,13534.7649107154,14434.2195468225,13881.2525949151,14434.2195468225,14190.4355383319,14434.2195468225,13200.8564585311,13361.3568782584,1005.34024165768,4982.09718037968,1143.23864459782,13789.8883092197};
xlist={{0.360093,0.646983},{0.418695,0.10468},{-0.0157762,0.738099},{0.72364,0.622105},{0.630554,0.687526},{0.673529,0.0949919},{0.540073,0.632543},{0.479623,0.637502},{0.13663,0.262902},{0.495125,0.325213},{0.379863,0.529109},{0.246365,0.855081},{0.487871,0.111103},{0.543957,0.349208},{0.278634,0.808098},{0.0110814,0.859311},{0.533272,0.552468},{0.250564,0.753809},{0.654752,0.0335914},{0.578727,0.476415},{0.607621,-0.077997},{-0.0264878,0.27404},{0.301218,0.929714},{0.498192,0.0323012},{0.385996,0.887502},{0.636672,0.126339},{0.421366,-0.0562014},{0.0522963,0.774322},{0.376192,0.201014},{0.0838738,0.489403},{0.285938,0.623338},{0.0798416,0.738393},{0.604777,0.331108},{0.61887,0.423515},{-0.0387023,0.942066},{-0.133257,-0.0944183},{0.689716,-0.12555},{0.528421,0.233206}};
