k[x_,y_]:=(0.5*Sum[x[[i]]*y[[i]],{i,1,Length[x]}]+0)^3;
b=-4.88514;
alphay={17113.5208705615,17113.5208705615,17113.5208705615,15230.7864113225,17113.5208705615,17113.5208705615,1772.79946020276,17113.5208705615,2830.93140815909,17113.5208705615,17113.5208705615,1882.73445923906,13816.0584559428,15807.2524168183,17113.5208705615,-17113.5208705615,-17113.5208705615,-9839.80639450347,-17113.5208705615,-17113.5208705615,-17113.5208705615,-17113.5208705615,-14915.3722860503,-13569.4368026911,-17113.5208705615,-7231.6895031017,-17113.5208705615,-2198.14858451122,-17113.5208705615,-795.82660324858,-2790.28243757815};
xlist={{0.360093,0.646983},{0.418695,0.10468},{-0.0157762,0.738099},{0.630554,0.687526},{0.673529,0.0949919},{0.540073,0.632543},{1.02553,0.0551194},{0.13663,0.262902},{0.495125,0.325213},{0.487871,0.111103},{0.0110814,0.859311},{0.654752,0.0335914},{0.300382,0.946313},{0.607621,-0.077997},{-0.0264878,0.27404},{0.498192,0.0323012},{0.385996,0.887502},{0.636672,0.126339},{0.0522963,0.774322},{0.285938,0.623338},{0.0798416,0.738393},{0.604777,0.331108},{0.61887,0.423515},{0.627738,-0.127439},{0.408612,0.3708},{-0.0387023,0.942066},{0.417023,0.505005},{0.689716,-0.12555},{0.528421,0.233206},{0.37597,0.744311},{0.215411,0.863786}};
