k[x_,y_]:=Exp[-100*Sum[(x[[i]]-y[[i]])^2,{i,1,Length[x]}]];
b=-0.0555077;
alphay={1.28989174512484,1.50870353689113,5.48194524737479,1.18721509074981,1.6293119292312,5.03340118578098,11.0064008415797,4.45339972178466,1.51525007390082,3.32380255152341,4.81345908587853,1.31800256899932,1.29771318918128,1.58198877922403,3.22246695094214,2.21604062517379,3.22244172225692,0.984547835860479,1.20274207758372,-0.68833308191265,-4.16864803047465,-1.65450095762546,-4.31668766038637,-3.69090518293738,-1.36280798415123,-8.18363511770587,-1.00045477167552,-1.20255304843375,-1.39781803284187,-9.51046841454662,-1.46251223398313,-5.72325882179077,-1.08381603572546,-2.61600149417713,-2.23716890003859,-1.38072321962572,-4.60843177100937};
xlist={{0.840499,0.281478},{0.360093,0.646983},{0.418695,0.10468},{-0.0157762,0.738099},{0.673529,0.0949919},{0.68337,0.440545},{0.379863,0.529109},{0.246365,0.855081},{0.440172,1.00841},{0.487871,0.111103},{0.543957,0.349208},{0.533272,0.552468},{0.511632,0.808351},{0.250564,0.753809},{0.62957,0.0690551},{0.497388,0.446537},{0.578727,0.476415},{0.300382,0.946313},{0.607621,-0.077997},{0.0206407,0.0295645},{0.498192,0.0323012},{0.385996,0.887502},{0.636672,0.126339},{0.285938,0.623338},{0.604777,0.331108},{0.61887,0.423515},{0.627738,-0.127439},{0.408612,0.3708},{0.142306,0.697557},{0.417023,0.505005},{-0.0355963,0.681824},{0.387878,0.112702},{0.689716,-0.12555},{0.528421,0.233206},{0.371765,0.479916},{0.37597,0.744311},{0.215411,0.863786}};
