k[x_,y_]:=Sum[x[[i]]*y[[i]],{i,1,Length[x]}];
b=-2.51262;
alphay={1,1,1,1,1,1,1,1,1,1,0.644660654912857,1,1,1,1,1,1,1,1,1,1,1,1,1,1,1,1,1,1,1,1,1,1,1,-1,-1,-1,-0.238477829411664,-1,-1,-1,-1,-1,-1,-1,-1,-1,-0.406182825501192,-1,-1,-1,-1,-1,-1,-1,-1,-1,-1,-1,-1,-1,-1,-1,-1,-1,-1,-1,-1,-1};
xlist={{0.360093,0.646983},{0.418695,0.10468},{-0.0157762,0.738099},{0.673529,0.0949919},{0.540073,0.632543},{0.68337,0.440545},{0.479623,0.637502},{0.13663,0.262902},{0.495125,0.325213},{0.812446,0.053315},{0.779512,0.30135},{0.379863,0.529109},{0.246365,0.855081},{0.440172,1.00841},{0.487871,0.111103},{0.589607,0.664787},{0.543957,0.349208},{0.278634,0.808098},{0.0110814,0.859311},{0.533272,0.552468},{0.511632,0.808351},{0.250564,0.753809},{0.62957,0.0690551},{0.654752,0.0335914},{0.54194,0.77552},{0.497388,0.446537},{0.578727,0.476415},{0.300382,0.946313},{0.765891,0.256365},{0.70321,0.0420763},{0.41679,0.620476},{0.607621,-0.077997},{-0.0264878,0.27404},{0.301218,0.929714},{0.498192,0.0323012},{0.385996,0.887502},{0.636672,0.126339},{0.421366,-0.0562014},{0.0522963,0.774322},{0.376192,0.201014},{0.285938,0.623338},{0.0798416,0.738393},{0.604777,0.331108},{0.61887,0.423515},{0.627738,-0.127439},{0.232653,0.419853},{0.408612,0.3708},{-0.0387023,0.942066},{0.142306,0.697557},{0.201533,0.56849},{0.417023,0.505005},{0.191389,0.507346},{0.276979,0.259471},{0.174582,0.522359},{0.298553,0.444681},{0.397879,0.428277},{0.306633,0.236396},{0.387878,0.112702},{0.225396,0.513348},{0.348561,0.369815},{0.292266,0.277087},{0.300529,0.29863},{0.689716,-0.12555},{0.15762,0.649708},{0.528421,0.233206},{0.371765,0.479916},{0.37597,0.744311},{0.215411,0.863786},{0.312654,0.703243}};
