k[x_,y_]:=Exp[-1*Sum[(x[[i]]-y[[i]])^2,{i,1,Length[x]}]];
b=12.4889;
alphay={-570.133701287159,-13859.5842138249,-13859.5842138249,-9357.19664561941,-13691.1704964591,-13761.6510726852,-6553.27461203007,-852.688416306347,-7110.56901920536,-2024.02127887482,-529.125882131182,-13859.5842138249,-1307.89852710871,-179.642579268594,-13517.9900704487,-554.514848801683,-13859.5842138249,-13357.3915221723,-353.990601823817,-87.9630289921176,-216.51042956827,-2806.50417590004,-247.388254904494,-553.02740932497,-1651.47382940994,-13613.6544839973,-7978.89282427966,3611.68652819679,13859.5842138249,13725.2681971377,12436.2289418674,7633.83465172795,11332.4287622627,11520.0481842167,13859.5842138249,13792.3496101602,8522.20147704263,13289.8857585684,13377.4697431619,619.238527112799,413.584339456238,5127.628406931,348.035570970867,3695.29576576594,195.143884225701,189.486331792272,687.109203589075,1588.48656086472,144.933810799927,149.512976901624,197.265392332106,6827.8614696614,2848.13976603655,6322.71827746643};
xlist={{0.840499,0.281478},{0.360093,0.646983},{0.418695,0.10468},{-0.0157762,0.738099},{0.540073,0.632543},{0.13663,0.262902},{0.495125,0.325213},{0.779512,0.30135},{0.379863,0.529109},{0.246365,0.855081},{0.440172,1.00841},{0.487871,0.111103},{0.543957,0.349208},{0.278634,0.808098},{0.0110814,0.859311},{0.533272,0.552468},{0.250564,0.753809},{0.62957,0.0690551},{0.850866,0.235648},{0.506484,1.02326},{0.979422,0.225369},{0.300382,0.946313},{0.765891,0.256365},{0.881001,0.387735},{0.894811,0.336494},{0.607621,-0.077997},{-0.0264878,0.27404},{0.0206407,0.0295645},{0.498192,0.0323012},{0.385996,0.887502},{0.636672,0.126339},{0.421366,-0.0562014},{0.0522963,0.774322},{0.376192,0.201014},{0.0838738,0.489403},{0.285938,0.623338},{0.0798416,0.738393},{0.604777,0.331108},{0.61887,0.423515},{0.627738,-0.127439},{0.408612,0.3708},{-0.0387023,0.942066},{0.0786966,0.378012},{-0.0214035,0.379025},{0.276979,0.259471},{-0.0355963,0.681824},{0.306633,0.236396},{0.387878,0.112702},{0.225396,0.513348},{0.292266,0.277087},{0.300529,0.29863},{0.689716,-0.12555},{0.117103,0.233079},{0.37597,0.744311}};
