k[x_,y_]:=Sum[x[[i]]*y[[i]],{i,1,Length[x]}];
b=0.985036;
alphay={0.001,0.001,0.001,0.001,0.001,0.001,0.001,0.001,0.001,0.001,0.001,0.001,0.001,0.001,0.001,0.001,0.001,0.001,0.001,0.001,0.001,0.001,0.001,0.001,0.001,0.001,0.001,0.001,0.001,0.001,0.001,0.001,0.001,0.001,0.001,0.001,0.001,0.001,0.001,0.001,0.001,0.001,0.001,0.001,0.001,0.001,0.001,0.001,0.001,0.001,-0.001,-0.001,-0.001,-0.001,-0.001,-0.001,-0.001,-0.001,-0.001,-0.001,-0.001,-0.001,-0.001,-0.001,-0.001,-0.001,-0.001,-0.001,-0.001,-0.001,-0.001,-0.001,-0.001,-0.001,-0.001,-0.001,-0.001,-0.001,-0.001,-0.001,-0.001,-0.001,-0.001,-0.001,-0.001,-0.001,-0.001,-0.001,-0.001,-0.001,-0.001,-0.001,-0.001,-0.001,-0.001,-0.001,-0.001,-0.001,-0.001,-0.001};
xlist={{0.840499,0.281478},{0.360093,0.646983},{0.418695,0.10468},{-0.0157762,0.738099},{0.72364,0.622105},{0.630554,0.687526},{0.673529,0.0949919},{0.540073,0.632543},{0.789883,0.515355},{0.68337,0.440545},{0.479623,0.637502},{0.13663,0.262902},{0.495125,0.325213},{0.812446,0.053315},{0.630965,0.794841},{0.779512,0.30135},{0.379863,0.529109},{0.246365,0.855081},{0.521771,0.879311},{0.440172,1.00841},{0.487871,0.111103},{0.589607,0.664787},{0.543957,0.349208},{0.278634,0.808098},{0.0110814,0.859311},{0.693385,0.670709},{0.533272,0.552468},{0.720744,0.64232},{0.511632,0.808351},{0.250564,0.753809},{0.62957,0.0690551},{0.850866,0.235648},{0.654752,0.0335914},{0.54194,0.77552},{0.506484,1.02326},{0.609454,0.974365},{0.761167,0.504344},{0.497388,0.446537},{0.578727,0.476415},{0.300382,0.946313},{0.687,0.576747},{0.877117,0.157584},{0.765891,0.256365},{0.70321,0.0420763},{0.41679,0.620476},{0.674344,0.662273},{0.607621,-0.077997},{-0.0264878,0.27404},{0.709303,0.629208},{0.301218,0.929714},{0.0206407,0.0295645},{0.498192,0.0323012},{0.385996,0.887502},{0.636672,0.126339},{0.421366,-0.0562014},{0.0522963,0.774322},{0.376192,0.201014},{0.0838738,0.489403},{0.285938,0.623338},{0.0798416,0.738393},{0.604777,0.331108},{0.61887,0.423515},{0.627738,-0.127439},{0.232653,0.419853},{0.258257,0.169697},{0.408612,0.3708},{-0.0387023,0.942066},{0.142306,0.697557},{0.201533,0.56849},{0.0786966,0.378012},{0.417023,0.505005},{0.191389,0.507346},{-0.0214035,0.379025},{0.276979,0.259471},{0.0237432,0.52569},{0.174582,0.522359},{0.0289955,0.69457},{0.298553,0.444681},{0.397879,0.428277},{0.211731,0.129404},{-0.0355963,0.681824},{0.306633,0.236396},{0.387878,0.112702},{0.225396,0.513348},{0.348561,0.369815},{-0.133257,-0.0944183},{-0.00114044,-0.00856001},{0.292266,0.277087},{0.300529,0.29863},{0.689716,-0.12555},{0.127793,0.0509834},{0.15762,0.649708},{0.117103,0.233079},{0.528421,0.233206},{0.371765,0.479916},{0.0622781,0.523608},{0.37597,0.744311},{0.230825,0.157193},{0.215411,0.863786},{0.312654,0.703243}};
