k[x_,y_]:=Exp[-1*Sum[(x[[i]]-y[[i]])^2,{i,1,Length[x]}]];
b=143.003;
alphay={6467.64233952979,3474.66681048443,1349.8686972273,1125.21914690731,-9485.73028313322,-747.131800227554,-2184.53491078805};
xlist={{0.840499,0.281478},{0.418695,0.10468},{0.13663,0.262902},{0.497388,0.446537},{0.604777,0.331108},{-0.133257,-0.0944183},{0.689716,-0.12555}};
