k[x_,y_]:=Exp[-1*Sum[(x[[i]]-y[[i]])^2,{i,1,Length[x]}]];
b=-28.2207;
alphay={-789.773193632638,-12111.6004730029,-14807.2047975038,-314.311182598288,-1057.05909229809,-340.460445740307,-980.524139464066,-696.802344750252,-2168.17478693374,-101.942674513014,-381.491364944223,-4217.73536710028,-441.352911459146,-5593.8122709869,-419.369347583806,12931.5275410889,7324.87305169235,399.847856333259,679.791621993596,350.068153495446,4334.14373391303,183.542580361531,78.9180807933879,226.944185171689,384.619955934139,237.18083974741,322.520177927275,398.844056060624,2338.83077982755,302.508219413851,10251.2200436373,614.033403325615,3062.20011179446};
xlist={{0.840499,0.281478},{0.360093,0.646983},{0.418695,0.10468},{-0.0157762,0.738099},{0.673529,0.0949919},{0.628049,1.02427},{0.487871,0.111103},{0.0110814,0.859311},{0.62957,0.0690551},{0.654752,0.0335914},{0.506484,1.02326},{0.300382,0.946313},{0.765891,0.256365},{0.607621,-0.077997},{-0.0264878,0.27404},{0.498192,0.0323012},{0.385996,0.887502},{0.421366,-0.0562014},{0.376192,0.201014},{0.0838738,0.489403},{0.142306,0.697557},{0.0786966,0.378012},{0.191389,0.507346},{0.211731,0.129404},{0.306633,0.236396},{0.387878,0.112702},{0.225396,0.513348},{-0.00114044,-0.00856001},{0.689716,-0.12555},{0.127793,0.0509834},{0.528421,0.233206},{0.371765,0.479916},{0.37597,0.744311}};
