k[x_,y_]:=Exp[-0.1*Sum[(x[[i]]-y[[i]])^2,{i,1,Length[x]}]];
b=26.0024;
alphay={1002.90625777208,559.322650233385,-1562.22890800546};
xlist={{0.840499,0.281478},{-0.0264878,0.27404},{0.528421,0.233206}};
