k[x_,y_]:=Exp[-100*Sum[(x[[i]]-y[[i]])^2,{i,1,Length[x]}]];
b=0.182081;
alphay={1.15945489658105,1.15945489658105,0.781686843746824,1.15945489658105,0.0495282218959246,0.490877667368703,0.97391812307139,0.11051897476551,0.292114612518038,0.0278250527778881,0.294633888133397,0.641562954159306,1.15945489658105,0.183547996642771,1.15945489658105,1.11449131317983,0.597619048436933,0.271246027564301,0.154072275454646,0.152226825870355,0.334872789232628,0.259242989820682,1.15945489658105,0.891002794324537,0.42629783076547,0.771199629086317,1.15945489658105,0.583023405807587,0.320454616022654,1.15945489658105,0.584305186318368,1.15945489658105,0.650658960021627,0.196585326854765,0.214967803885419,0.288719523801002,0.675515907474896,1.15945489658105,0.857883113192118,0.148046882401428,0.0476408226048964,0.308488287623902,0.93428492604936,0.598509616624528,0.0938127436498047,0.0399554525825302,0.479693196208484,0.20834426937487,0.423675395680177,0.733077125897541,0.628940476516475,0.404441173641111,0.212828982990107,0.400377173899665,0.550347121688039,0.399009113059198,1.15945489658105,1.15945489658105,1.06811567577282,-0.317087121369616,-1.15945489658105,-1.15945489658105,-1.15945489658105,-0.985972617277905,-1.15945489658105,-0.823327634511532,-1.15945489658105,-1.15945489658105,-1.15945489658105,-1.15945489658105,-0.755014597134329,-1.15945489658105,-1.15945489658105,-0.778876322376173,-0.816464471177318,-1.15945489658105,-1.15945489658105,-0.65848952720011,-0.773793000912091,-0.581499627574518,-0.414988879203446,-0.543171918594022,-1.15945489658105,-1.15945489658105,-0.100368280509036,-1.11536582653564,-0.721465587981495,-0.138628943321384,-0.886303063057258,-0.786405636207238,-0.180044871399278,-1.15945489658105,-1.15945489658105,-1.05312731933216,-0.074470598909341,-1.15945489658105,-0.249138017807615,-1.15945489658105,-1.15945489658105};
xlist={{0.360093,0.646983},{0.418695,0.10468},{1.0466,0.827462},{-0.0157762,0.738099},{0.630554,0.687526},{0.828389,0.562402},{0.673529,0.0949919},{0.540073,0.632543},{1.02553,0.0551194},{0.789883,0.515355},{0.710005,0.821462},{0.628049,1.02427},{0.68337,0.440545},{0.479623,0.637502},{0.13663,0.262902},{0.495125,0.325213},{0.812446,0.053315},{0.630965,0.794841},{0.771956,0.829553},{0.779512,0.30135},{0.889988,0.885488},{0.883775,0.462865},{0.379863,0.529109},{0.246365,0.855081},{0.521771,0.879311},{0.440172,1.00841},{0.487871,0.111103},{1.09276,0.0378117},{0.589607,0.664787},{0.543957,0.349208},{0.278634,0.808098},{0.0110814,0.859311},{0.864102,0.753841},{0.693385,0.670709},{0.533272,0.552468},{0.720744,0.64232},{0.511632,0.808351},{0.250564,0.753809},{0.62957,0.0690551},{0.506484,1.02326},{0.609454,0.974365},{1.01851,0.151464},{0.497388,0.446537},{0.578727,0.476415},{0.87112,0.531096},{0.924564,0.499451},{0.979422,0.225369},{0.687,0.576747},{0.877117,0.157584},{1.01771,0.507909},{0.765891,0.256365},{0.718745,0.919881},{0.881001,0.387735},{0.894811,0.336494},{0.848907,0.958624},{0.41679,0.620476},{0.607621,-0.077997},{-0.0264878,0.27404},{0.301218,0.929714},{0.0206407,0.0295645},{0.498192,0.0323012},{0.385996,0.887502},{0.636672,0.126339},{0.421366,-0.0562014},{0.0522963,0.774322},{0.376192,0.201014},{0.285938,0.623338},{0.604777,0.331108},{0.61887,0.423515},{0.627738,-0.127439},{0.232653,0.419853},{0.408612,0.3708},{-0.0387023,0.942066},{0.142306,0.697557},{0.0786966,0.378012},{0.417023,0.505005},{-0.0214035,0.379025},{0.276979,0.259471},{0.0237432,0.52569},{0.174582,0.522359},{0.0289955,0.69457},{0.211731,0.129404},{-0.0355963,0.681824},{0.387878,0.112702},{0.225396,0.513348},{-0.133257,-0.0944183},{-0.00114044,-0.00856001},{0.300529,0.29863},{0.689716,-0.12555},{0.127793,0.0509834},{0.15762,0.649708},{0.117103,0.233079},{0.528421,0.233206},{0.371765,0.479916},{0.0622781,0.523608},{0.37597,0.744311},{0.230825,0.157193},{0.215411,0.863786},{0.312654,0.703243}};
