k[x_,y_]:=Sum[x[[i]]*y[[i]],{i,1,Length[x]}];
b=4.8409;
alphay={-882.337364511908,-273.486216755179,561.105520574302,594.718060692785};
xlist={{0.840499,0.281478},{-0.0264878,0.27404},{0.636672,0.126339},{0.61887,0.423515}};
