k[x_,y_]:=Exp[-100*Sum[(x[[i]]-y[[i]])^2,{i,1,Length[x]}]];
b=0.200522;
alphay={1,1,0.764351795238165,1,0.0529889441965218,0.467181288254748,0.866904157067343,0.151338189616373,0.286467410966602,0.28046344638983,0.623654456176285,1,0.129515770750227,1,1,0.593329831191228,0.275060663912789,0.154601853470077,0.158223075693257,0.327382104279904,0.242234291141997,1,0.800663402078016,0.408318517357663,0.722615352944312,1,0.570100250891983,0.291940864724242,1,0.578258356921108,1,0.63598427285879,0.196477324229001,0.198138198049343,0.274294600341725,0.635799695412359,1,0.813626924945041,0.161382391075137,0.0475068344669262,0.299810368466233,0.0604230706087042,0.902333601909291,0.549262503655243,0.104063671115725,0.0417730556866416,0.470777951014163,0.161242633640714,0.210910920776569,0.413956706994809,0.714783307585155,0.601331833887165,0.396459926458678,0.217927038596114,0.384606024649878,0.537363735133622,0.450746266389396,1,1,0.823678850673551,-0.2983480597852,-1,-1,-1,-1,-1,-0.85431530184502,-1,-1,-1,-1,-0.755343179047347,-1,-1,-0.78095755100321,-0.0561823295054194,-0.861276149607503,-1,-1,-0.584056260790928,-0.823301696624104,-0.544686663164454,-0.493949535672219,-0.0483945676433441,-0.528154372588408,-1,-1,-0.130960766505035,-1,-0.76210901884061,-0.226840620025622,-0.946820678890558,-0.807735502165405,-0.189444409994237,-1,-1,-1,-0.0572538144729623,-1,-0.300125253711059,-1,-1};
xlist={{0.360093,0.646983},{0.418695,0.10468},{1.0466,0.827462},{-0.0157762,0.738099},{0.630554,0.687526},{0.828389,0.562402},{0.673529,0.0949919},{0.540073,0.632543},{1.02553,0.0551194},{0.710005,0.821462},{0.628049,1.02427},{0.68337,0.440545},{0.479623,0.637502},{0.13663,0.262902},{0.495125,0.325213},{0.812446,0.053315},{0.630965,0.794841},{0.771956,0.829553},{0.779512,0.30135},{0.889988,0.885488},{0.883775,0.462865},{0.379863,0.529109},{0.246365,0.855081},{0.521771,0.879311},{0.440172,1.00841},{0.487871,0.111103},{1.09276,0.0378117},{0.589607,0.664787},{0.543957,0.349208},{0.278634,0.808098},{0.0110814,0.859311},{0.864102,0.753841},{0.693385,0.670709},{0.533272,0.552468},{0.720744,0.64232},{0.511632,0.808351},{0.250564,0.753809},{0.62957,0.0690551},{0.506484,1.02326},{0.609454,0.974365},{1.01851,0.151464},{0.761167,0.504344},{0.497388,0.446537},{0.578727,0.476415},{0.87112,0.531096},{0.924564,0.499451},{0.979422,0.225369},{0.300382,0.946313},{0.687,0.576747},{0.877117,0.157584},{1.01771,0.507909},{0.765891,0.256365},{0.718745,0.919881},{0.881001,0.387735},{0.894811,0.336494},{0.848907,0.958624},{0.41679,0.620476},{0.607621,-0.077997},{-0.0264878,0.27404},{0.301218,0.929714},{0.0206407,0.0295645},{0.498192,0.0323012},{0.385996,0.887502},{0.636672,0.126339},{0.421366,-0.0562014},{0.0522963,0.774322},{0.376192,0.201014},{0.285938,0.623338},{0.604777,0.331108},{0.61887,0.423515},{0.627738,-0.127439},{0.232653,0.419853},{0.408612,0.3708},{-0.0387023,0.942066},{0.142306,0.697557},{0.201533,0.56849},{0.0786966,0.378012},{0.417023,0.505005},{-0.0214035,0.379025},{0.276979,0.259471},{0.0237432,0.52569},{0.174582,0.522359},{0.0289955,0.69457},{0.397879,0.428277},{0.211731,0.129404},{-0.0355963,0.681824},{0.387878,0.112702},{0.225396,0.513348},{-0.133257,-0.0944183},{-0.00114044,-0.00856001},{0.300529,0.29863},{0.689716,-0.12555},{0.127793,0.0509834},{0.15762,0.649708},{0.117103,0.233079},{0.528421,0.233206},{0.371765,0.479916},{0.0622781,0.523608},{0.37597,0.744311},{0.230825,0.157193},{0.215411,0.863786},{0.312654,0.703243}};
