k[x_,y_]:=Exp[-10*Sum[(x[[i]]-y[[i]])^2,{i,1,Length[x]}]];
b=-6.77492;
alphay={4111.67047103224,7710.84827269368,191.342385211846,7.65563690211474,1001.25583996489,973.344679634407,66.0907560067963,1875.2534024518,44.676561169387,15.367311623992,48.9507496568515,3189.95415057496,80.2006330988261,422.808526199615,367.258793311971,429.000246562414,628.206435022295,283.724698225997,2516.47073452785,-4046.70206125888,-372.39168890322,-214.342004493897,-127.447591245332,-1368.1970548999,-1251.94396227387,-241.054800279273,-567.258800708299,-48.3756557548213,-3122.93324102119,-104.083514235073,-36.9338057832584,-3851.03179172284,-791.014003093489,-633.846810325461,-773.999467832733,-2718.92502268917,-1481.63790221692,-2211.96110513431};
xlist={{0.360093,0.646983},{0.418695,0.10468},{-0.0157762,0.738099},{0.68337,0.440545},{0.13663,0.262902},{0.495125,0.325213},{0.779512,0.30135},{0.379863,0.529109},{0.521771,0.879311},{1.09276,0.0378117},{0.543957,0.349208},{0.278634,0.808098},{0.0110814,0.859311},{0.511632,0.808351},{0.250564,0.753809},{0.62957,0.0690551},{0.497388,0.446537},{0.300382,0.946313},{0.607621,-0.077997},{0.498192,0.0323012},{0.385996,0.887502},{0.636672,0.126339},{0.0522963,0.774322},{0.376192,0.201014},{0.285938,0.623338},{0.61887,0.423515},{0.627738,-0.127439},{0.258257,0.169697},{0.417023,0.505005},{-0.0214035,0.379025},{-0.0355963,0.681824},{0.387878,0.112702},{0.689716,-0.12555},{0.117103,0.233079},{0.528421,0.233206},{0.37597,0.744311},{0.215411,0.863786},{0.312654,0.703243}};
