k[x_,y_]:=Exp[-100*Sum[(x[[i]]-y[[i]])^2,{i,1,Length[x]}]];
b=0.0844618;
alphay={2.60342309868793,14.1203597707246,0.874927412882538,5.88279302910547,0.324962447472098,0.448746507381261,2.92447974745017,0.558772699476838,0.329053268925463,0.366197502911664,0.760955635062684,4.06926630160981,9.75056590821767,0.475532494953622,0.235782825611212,0.1561535294087,0.377508831923504,0.203557803296448,7.93904614125581,9.95605261743205,0.631196269104176,1.11377300232335,0.651779739791608,3.05025365610089,2.38461793639794,0.728400164985418,0.0343818412514737,0.545357947577511,0.790099381779671,1.78428224622121,2.21833029988877,0.026693234220411,0.0221021877859874,0.346555504856756,2.27775936892011,2.66274120996864,0.199686600853793,0.0731685036053299,0.528914671253219,0.932426798136122,0.495272467704595,0.811459885652082,0.879881599418766,0.449096352535847,0.238861777271552,0.474921505186367,0.615284391541465,4.14675051613515,1.81226204765318,-0.211959289599942,-3.77047177091237,-2.3780959016183,-4.79123998461226,-0.60519605244816,-4.04544141719839,-2.35391601722206,-1.29469817501659,-6.29055669706362,-4.20057873971989,-0.806312641047018,-0.862967084185512,-1.99101716262848,-1.58012479931991,-7.16525260039776,-1.09713140537984,-1.3680337489502,-0.220153028078824,-0.340513802868378,-4.23363960960225,-13.1298503612106,-0.540565615995205,-1.01949380905212,-0.729012457429176,-0.679469227814974,-0.42065711286352,-9.54668710347923,-1.46667147095679,-1.90325762799261,-0.431956638372578,-1.20168816883153,-10.4636710059964,-2.14416815404641};
xlist={{0.360093,0.646983},{0.418695,0.10468},{1.0466,0.827462},{-0.0157762,0.738099},{0.630554,0.687526},{0.828389,0.562402},{0.673529,0.0949919},{0.540073,0.632543},{1.02553,0.0551194},{0.710005,0.821462},{0.628049,1.02427},{0.68337,0.440545},{0.13663,0.262902},{0.812446,0.053315},{0.630965,0.794841},{0.771956,0.829553},{0.889988,0.885488},{0.883775,0.462865},{0.379863,0.529109},{0.246365,0.855081},{0.521771,0.879311},{0.440172,1.00841},{1.09276,0.0378117},{0.543957,0.349208},{0.0110814,0.859311},{0.864102,0.753841},{0.693385,0.670709},{0.720744,0.64232},{0.511632,0.808351},{0.250564,0.753809},{0.62957,0.0690551},{0.506484,1.02326},{0.609454,0.974365},{1.01851,0.151464},{0.497388,0.446537},{0.578727,0.476415},{0.87112,0.531096},{0.924564,0.499451},{0.979422,0.225369},{0.300382,0.946313},{0.877117,0.157584},{1.01771,0.507909},{0.765891,0.256365},{0.718745,0.919881},{0.881001,0.387735},{0.894811,0.336494},{0.848907,0.958624},{0.607621,-0.077997},{-0.0264878,0.27404},{0.0206407,0.0295645},{0.498192,0.0323012},{0.385996,0.887502},{0.636672,0.126339},{0.421366,-0.0562014},{0.0522963,0.774322},{0.285938,0.623338},{0.604777,0.331108},{0.61887,0.423515},{0.627738,-0.127439},{0.232653,0.419853},{0.408612,0.3708},{-0.0387023,0.942066},{0.0786966,0.378012},{0.417023,0.505005},{-0.0214035,0.379025},{0.276979,0.259471},{0.0237432,0.52569},{0.0289955,0.69457},{-0.0355963,0.681824},{0.387878,0.112702},{0.225396,0.513348},{-0.133257,-0.0944183},{-0.00114044,-0.00856001},{0.127793,0.0509834},{0.15762,0.649708},{0.117103,0.233079},{0.528421,0.233206},{0.371765,0.479916},{0.0622781,0.523608},{0.37597,0.744311},{0.215411,0.863786},{0.312654,0.703243}};
