k[x_,y_]:=Exp[-10*Sum[(x[[i]]-y[[i]])^2,{i,1,Length[x]}]];
b=-0.153368;
alphay={10,10,0.872317529961046,10,4.59661729602448,10,10,3.8377284264037,10,10,0.756261032636002,0.389903786913486,10,0.810597301448483,10,10,10,10,5.19826269822929,10,2.25320602414954,0.626788149058673,10,1.39870028067114,10,10,10,1.74796345298814,-2.10494309106132,-10,-10,-10,-0.819779844400405,-10,-7.17433940282013,-7.13339959573391,-10,-10,-5.45189867979492,-7.60936202259078,-10,-8.27248880736826,-10,-10,-0.404993058337627,-8.10896921479088,-9.26386341248276,-10,-6.14430884910298,-10,-10,-10};
xlist={{0.360093,0.646983},{0.418695,0.10468},{1.0466,0.827462},{-0.0157762,0.738099},{0.68337,0.440545},{0.13663,0.262902},{0.495125,0.325213},{0.779512,0.30135},{0.379863,0.529109},{0.246365,0.855081},{0.521771,0.879311},{0.440172,1.00841},{0.487871,0.111103},{1.09276,0.0378117},{0.543957,0.349208},{0.278634,0.808098},{0.0110814,0.859311},{0.250564,0.753809},{0.62957,0.0690551},{0.654752,0.0335914},{0.506484,1.02326},{0.609454,0.974365},{0.497388,0.446537},{0.300382,0.946313},{0.41679,0.620476},{0.607621,-0.077997},{-0.0264878,0.27404},{0.301218,0.929714},{0.0206407,0.0295645},{0.498192,0.0323012},{0.385996,0.887502},{0.636672,0.126339},{0.421366,-0.0562014},{0.0522963,0.774322},{0.285938,0.623338},{0.0798416,0.738393},{0.604777,0.331108},{0.61887,0.423515},{0.627738,-0.127439},{-0.0387023,0.942066},{0.417023,0.505005},{-0.0214035,0.379025},{0.397879,0.428277},{0.387878,0.112702},{-0.133257,-0.0944183},{0.689716,-0.12555},{0.117103,0.233079},{0.528421,0.233206},{0.371765,0.479916},{0.37597,0.744311},{0.215411,0.863786},{0.312654,0.703243}};
