k[x_,y_]:=Exp[-100*Sum[(x[[i]]-y[[i]])^2,{i,1,Length[x]}]];
b=0.0911337;
alphay={2.6001281548597,10,0.86808145059876,5.89475812027045,0.322043958884765,0.448111430452588,3.08363421685031,0.554495803801017,0.327299085792907,0.363496404671181,0.75438704303006,4.061189643007,9.76628592466378,0.457859882762425,0.234513886203248,0.154386599239659,0.374335973270358,0.20349574648159,7.94054103295354,9.51048058878789,0.625474976811752,1.10118917687219,0.476089080479104,0.64674619046557,3.03921835599918,2.38075862970398,0.723845748085899,0.0368147783962946,0.538457752250741,0.784665584172567,1.8215569977427,2.03439642822955,0.0292986486606297,0.0224602151531533,0.34345404047469,2.27918781402536,2.65569762756506,0.19271554814961,0.0755346553164915,0.524781614970661,0.948954068054692,0.493389658896971,0.804384099470065,0.871764059611863,0.445763633019196,0.23521773613156,0.472765804469745,0.611229558795249,4.07847859857475,1.80682465614255,-0.217686611173614,-3.23147014857491,-2.35538017079237,-4.84984885974313,-0.633555670874663,-4.06737516429702,-2.35492304021764,-1.30177800034334,-6.28171494197576,-4.1598575217253,-0.805854010020654,-0.865276572925696,-1.99572164874697,-1.58635041331242,-7.16914438306586,-1.09985838567952,-1.43831650614581,-0.224535936753615,-0.332810934986087,-0.0439629859709239,-4.24883653404365,-9.66723482964049,-0.545021304184243,-1.0254754201918,-0.730832197259009,-0.674736058172421,-0.430937607825618,-9.55540094937241,-1.43637336440862,-1.90639926794571,-0.432825872514788,-1.1933252418664,-10,-2.1578201285226};
xlist={{0.360093,0.646983},{0.418695,0.10468},{1.0466,0.827462},{-0.0157762,0.738099},{0.630554,0.687526},{0.828389,0.562402},{0.673529,0.0949919},{0.540073,0.632543},{1.02553,0.0551194},{0.710005,0.821462},{0.628049,1.02427},{0.68337,0.440545},{0.13663,0.262902},{0.812446,0.053315},{0.630965,0.794841},{0.771956,0.829553},{0.889988,0.885488},{0.883775,0.462865},{0.379863,0.529109},{0.246365,0.855081},{0.521771,0.879311},{0.440172,1.00841},{0.487871,0.111103},{1.09276,0.0378117},{0.543957,0.349208},{0.0110814,0.859311},{0.864102,0.753841},{0.693385,0.670709},{0.720744,0.64232},{0.511632,0.808351},{0.250564,0.753809},{0.62957,0.0690551},{0.506484,1.02326},{0.609454,0.974365},{1.01851,0.151464},{0.497388,0.446537},{0.578727,0.476415},{0.87112,0.531096},{0.924564,0.499451},{0.979422,0.225369},{0.300382,0.946313},{0.877117,0.157584},{1.01771,0.507909},{0.765891,0.256365},{0.718745,0.919881},{0.881001,0.387735},{0.894811,0.336494},{0.848907,0.958624},{0.607621,-0.077997},{-0.0264878,0.27404},{0.0206407,0.0295645},{0.498192,0.0323012},{0.385996,0.887502},{0.636672,0.126339},{0.421366,-0.0562014},{0.0522963,0.774322},{0.285938,0.623338},{0.604777,0.331108},{0.61887,0.423515},{0.627738,-0.127439},{0.232653,0.419853},{0.408612,0.3708},{-0.0387023,0.942066},{0.0786966,0.378012},{0.417023,0.505005},{-0.0214035,0.379025},{0.276979,0.259471},{0.0237432,0.52569},{0.0289955,0.69457},{0.211731,0.129404},{-0.0355963,0.681824},{0.387878,0.112702},{0.225396,0.513348},{-0.133257,-0.0944183},{-0.00114044,-0.00856001},{0.127793,0.0509834},{0.15762,0.649708},{0.117103,0.233079},{0.528421,0.233206},{0.371765,0.479916},{0.0622781,0.523608},{0.37597,0.744311},{0.215411,0.863786},{0.312654,0.703243}};
