k[x_,y_]:=Exp[-100*Sum[(x[[i]]-y[[i]])^2,{i,1,Length[x]}]];
b=0.819563;
alphay={0.1,0.1,0.1,0.1,0.0373342012082146,0.0972257596324504,0.1,0.0828601291195871,0.048780275499515,0.1,0.1,0.0492045392044494,0.1,0.1,0.1,0.0735213480822865,0.052148879623627,0.0612409294967298,0.0936500916295869,0.0141745320753642,0.1,0.1,0.0941274238624498,0.1,0.1,0.1,0.0868805772726837,0.1,0.1,0.1,0.1,0.0514493820436718,0.0711677916171835,0.0564176487340421,0.1,0.1,0.1,0.00664773843560766,0.0408478900175883,0.00970828142636664,0.0766580449212915,0.00373136910231964,0.0670532649593745,0.0627111651538857,0.1,0.1,0.00377622762723821,0.0740572478205291,0.1,0.1,0.0471736081738553,0.1,0.1,0.1,0.0900279183136577,0.0250123524883967,0.0670206187914828,0.0745194382347876,0.1,0.1,0.1,0.1,0.0808713254317769,-0.1,-0.1,-0.1,-0.1,-0.1,-0.1,-0.1,-0.1,-0.1,-0.1,-0.1,-0.1,-0.1,-0.1,-0.1,-0.1,-0.1,-0.1,-0.1,-0.1,-0.1,-0.1,-0.1,-0.1,-0.1,-0.1,-0.1,-0.1,-0.1,-0.1,-0.1,-0.1,-0.1,-0.1,-0.1,-0.1,-0.1,-0.1,-0.1,-0.1,-0.1,-0.1,-0.1,-0.1,-0.1,-0.1,-0.1,-0.1,-0.1,-0.1};
xlist={{0.360093,0.646983},{0.418695,0.10468},{1.0466,0.827462},{-0.0157762,0.738099},{0.638593,1.01177},{0.828389,0.562402},{0.673529,0.0949919},{1.02553,0.0551194},{0.710005,0.821462},{0.628049,1.02427},{0.68337,0.440545},{0.479623,0.637502},{0.13663,0.262902},{0.495125,0.325213},{0.812446,0.053315},{0.630965,0.794841},{0.771956,0.829553},{0.779512,0.30135},{0.889988,0.885488},{0.883775,0.462865},{0.379863,0.529109},{0.246365,0.855081},{0.521771,0.879311},{0.440172,1.00841},{0.487871,0.111103},{1.09276,0.0378117},{0.589607,0.664787},{0.543957,0.349208},{0.278634,0.808098},{0.0110814,0.859311},{0.864102,0.753841},{0.693385,0.670709},{0.533272,0.552468},{0.720744,0.64232},{0.511632,0.808351},{0.250564,0.753809},{0.62957,0.0690551},{0.850866,0.235648},{0.654752,0.0335914},{0.54194,0.77552},{0.506484,1.02326},{0.609454,0.974365},{1.01851,0.151464},{0.761167,0.504344},{0.497388,0.446537},{0.578727,0.476415},{0.87112,0.531096},{0.924564,0.499451},{0.979422,0.225369},{0.300382,0.946313},{0.687,0.576747},{0.877117,0.157584},{1.01771,0.507909},{0.765891,0.256365},{0.718745,0.919881},{0.70321,0.0420763},{0.881001,0.387735},{0.894811,0.336494},{0.848907,0.958624},{0.41679,0.620476},{0.607621,-0.077997},{-0.0264878,0.27404},{0.301218,0.929714},{0.0206407,0.0295645},{0.498192,0.0323012},{0.385996,0.887502},{0.636672,0.126339},{0.421366,-0.0562014},{0.0522963,0.774322},{0.376192,0.201014},{0.0838738,0.489403},{0.285938,0.623338},{0.0798416,0.738393},{0.604777,0.331108},{0.61887,0.423515},{0.627738,-0.127439},{0.232653,0.419853},{0.258257,0.169697},{0.408612,0.3708},{-0.0387023,0.942066},{0.142306,0.697557},{0.201533,0.56849},{0.0786966,0.378012},{0.417023,0.505005},{0.191389,0.507346},{-0.0214035,0.379025},{0.276979,0.259471},{0.0237432,0.52569},{0.174582,0.522359},{0.0289955,0.69457},{0.298553,0.444681},{0.397879,0.428277},{0.211731,0.129404},{-0.0355963,0.681824},{0.306633,0.236396},{0.387878,0.112702},{0.225396,0.513348},{0.348561,0.369815},{-0.133257,-0.0944183},{-0.00114044,-0.00856001},{0.292266,0.277087},{0.300529,0.29863},{0.689716,-0.12555},{0.127793,0.0509834},{0.15762,0.649708},{0.117103,0.233079},{0.528421,0.233206},{0.371765,0.479916},{0.0622781,0.523608},{0.37597,0.744311},{0.230825,0.157193},{0.215411,0.863786},{0.312654,0.703243}};
