k[x_,y_]:=Exp[-0.01*Sum[(x[[i]]-y[[i]])^2,{i,1,Length[x]}]];
b=-41.3842;
alphay={41247.6565815695,30754.398809024,41247.6565815695,10493.2577725455,-41247.6565815695,-41247.6565815695,-41247.6565815695};
xlist={{0.840499,0.281478},{0.360093,0.646983},{0.418695,0.10468},{-0.0157762,0.738099},{0.498192,0.0323012},{0.385996,0.887502},{0.636672,0.126339}};
