k[x_,y_]:=Exp[-1*Sum[(x[[i]]-y[[i]])^2,{i,1,Length[x]}]];
b=-0.240157;
alphay={100,100,100,100,100,100,100,100,100,100,100,100,100,57.182007468934,100,100,100,100,9.48375521007139,100,100,100,73.8869012134895,-100,-100,-100,-93.8831463263584,-81.3738639585702,-100,-100,-100,-100,-100,-100,-60.3049469677932,-100,-69.5942546867065,-100,-100,-35.3964519530665,-100,-100,-100,-100,-100,-100};
xlist={{0.360093,0.646983},{0.418695,0.10468},{-0.0157762,0.738099},{0.673529,0.0949919},{0.479623,0.637502},{0.13663,0.262902},{0.495125,0.325213},{0.379863,0.529109},{0.246365,0.855081},{0.487871,0.111103},{0.543957,0.349208},{0.278634,0.808098},{0.0110814,0.859311},{0.533272,0.552468},{0.250564,0.753809},{0.62957,0.0690551},{0.654752,0.0335914},{0.497388,0.446537},{0.70321,0.0420763},{0.41679,0.620476},{0.607621,-0.077997},{-0.0264878,0.27404},{0.301218,0.929714},{0.498192,0.0323012},{0.385996,0.887502},{0.636672,0.126339},{0.0522963,0.774322},{0.376192,0.201014},{0.285938,0.623338},{0.604777,0.331108},{0.61887,0.423515},{0.627738,-0.127439},{0.408612,0.3708},{-0.0387023,0.942066},{0.142306,0.697557},{0.417023,0.505005},{-0.0214035,0.379025},{0.397879,0.428277},{0.348561,0.369815},{-0.133257,-0.0944183},{0.689716,-0.12555},{0.528421,0.233206},{0.371765,0.479916},{0.37597,0.744311},{0.215411,0.863786},{0.312654,0.703243}};
