k[x_,y_]:=(0.5*Sum[x[[i]]*y[[i]],{i,1,Length[x]}]+0)^3;
b=-1.00202;
alphay={21.7703110507545,36803.8667852636,-36825.6370963143};
xlist={{0.840499,0.281478},{-0.0264878,0.27404},{0.0206407,0.0295645}};
