k[x_,y_]:=Exp[-100*Sum[(x[[i]]-y[[i]])^2,{i,1,Length[x]}]];
b=0.084862;
alphay={2.64794499528199,14.2393035769968,0.884805110988977,5.812231865843,0.31432355659748,0.503330207005571,2.95589383278926,0.565780647706915,0.34635084396944,0.324367665959577,0.774801435531795,4.02732417756174,9.69459059679188,0.460172641775875,0.259295986114727,0.191650232586827,0.368022399480294,0.157497944422412,7.83300152434069,9.82173985120339,0.647881837048419,1.08509268540472,0.632689173857359,3.04651805667685,2.38614567568199,0.719348179825516,0.0513605596406917,0.522538644115264,0.763089424545568,1.84322892651717,2.22570872558744,0.0512329078498176,0.333907829713975,2.27421149625524,2.63592039194815,0.128738228284182,0.140692689392269,0.551119096561979,0.960119960235965,0.492693510699431,0.796726437671378,0.883273012554895,0.452918395523608,0.301268947605388,0.422478377363878,0.624514225221209,4.17634622175787,1.82070862733618,-0.200964678266054,-3.79884728993918,-2.37264986685192,-4.83314041984983,-0.597588517994114,-4.03152097468648,-2.32175487859796,-1.32213868490817,-6.22198342212752,-4.22341933950273,-0.810915239530069,-0.882427331084183,-1.99058198738719,-1.56367375026013,-7.11738562278306,-1.10267600483322,-1.36087109945225,-0.261164119663675,-0.310189495208465,-4.19314412760562,-13.2470991698529,-0.552458972985796,-1.00666265508076,-0.745217007286485,-0.685328443673593,-0.430103817789908,-9.48842798110392,-1.46404272113082,-1.85004912609778,-0.405024258657948,-1.17453998142061,-10.3491453304306,-2.23776502178215};
xlist={{0.360093,0.646983},{0.418695,0.10468},{1.0466,0.827462},{-0.0157762,0.738099},{0.630554,0.687526},{0.828389,0.562402},{0.673529,0.0949919},{0.540073,0.632543},{1.02553,0.0551194},{0.710005,0.821462},{0.628049,1.02427},{0.68337,0.440545},{0.13663,0.262902},{0.812446,0.053315},{0.630965,0.794841},{0.771956,0.829553},{0.889988,0.885488},{0.883775,0.462865},{0.379863,0.529109},{0.246365,0.855081},{0.521771,0.879311},{0.440172,1.00841},{1.09276,0.0378117},{0.543957,0.349208},{0.0110814,0.859311},{0.864102,0.753841},{0.693385,0.670709},{0.720744,0.64232},{0.511632,0.808351},{0.250564,0.753809},{0.62957,0.0690551},{0.506484,1.02326},{1.01851,0.151464},{0.497388,0.446537},{0.578727,0.476415},{0.87112,0.531096},{0.924564,0.499451},{0.979422,0.225369},{0.300382,0.946313},{0.877117,0.157584},{1.01771,0.507909},{0.765891,0.256365},{0.718745,0.919881},{0.881001,0.387735},{0.894811,0.336494},{0.848907,0.958624},{0.607621,-0.077997},{-0.0264878,0.27404},{0.0206407,0.0295645},{0.498192,0.0323012},{0.385996,0.887502},{0.636672,0.126339},{0.421366,-0.0562014},{0.0522963,0.774322},{0.285938,0.623338},{0.604777,0.331108},{0.61887,0.423515},{0.627738,-0.127439},{0.232653,0.419853},{0.408612,0.3708},{-0.0387023,0.942066},{0.0786966,0.378012},{0.417023,0.505005},{-0.0214035,0.379025},{0.276979,0.259471},{0.0237432,0.52569},{0.0289955,0.69457},{-0.0355963,0.681824},{0.387878,0.112702},{0.225396,0.513348},{-0.133257,-0.0944183},{-0.00114044,-0.00856001},{0.127793,0.0509834},{0.15762,0.649708},{0.117103,0.233079},{0.528421,0.233206},{0.371765,0.479916},{0.0622781,0.523608},{0.37597,0.744311},{0.215411,0.863786},{0.312654,0.703243}};
