k[x_,y_]:=Sum[x[[i]]*y[[i]],{i,1,Length[x]}];
b=-3.79548;
alphay={16547.6801164773,16547.6801164773,16547.6801164773,3167.94203846065,16547.6801164773,11134.8027466326,16547.6801164773,16547.6801164773,16547.6801164773,13379.7380780166,16547.6801164773,5412.87736984468,16547.6801164773,16547.6801164773,-16547.6801164773,-16547.6801164773,-16547.6801164773,-16547.6801164773,-16547.6801164773,-16547.6801164773,-16547.6801164773,-16547.6801164773,-16547.6801164773,-16547.6801164773,-16547.6801164773,-16547.6801164773};
xlist={{0.840499,0.281478},{0.360093,0.646983},{0.418695,0.10468},{1.0466,0.827462},{-0.0157762,0.738099},{0.630554,0.687526},{0.673529,0.0949919},{0.540073,0.632543},{0.13663,0.262902},{0.487871,0.111103},{0.0110814,0.859311},{0.300382,0.946313},{0.607621,-0.077997},{-0.0264878,0.27404},{0.498192,0.0323012},{0.385996,0.887502},{0.636672,0.126339},{0.421366,-0.0562014},{0.0522963,0.774322},{0.376192,0.201014},{0.285938,0.623338},{0.0798416,0.738393},{0.604777,0.331108},{0.61887,0.423515},{0.174582,0.522359},{0.528421,0.233206}};
