`mu.1` <-
structure(c(1.28469353939825, -0.653879152306632, 0.557178850736417, 
-0.568030927926714, -1.86300984969645, -0.941125805614012, -2.40916232489285, 
-2.29428622636514, -2.40731740979897, -2.59821516614899, 1.28555205812008, 
1.78202010192055, 0.871789453284353, 1.95154176627017, 0.0897399516335089, 
2.04380640069463, 1.60523573189426, -1.10032050033455, -0.484319160954433, 
-1.71515515529620), .Dim = c(10L, 2L))
`mu.2` <-
structure(c(-2.01273702570703, 4.07458738846896, 0.88151423445128, 
2.66222769342301, 2.39433678604628, 2.96471985402758, 0.109532392689573, 
0.146623028016275, 0.375310854057970, 2.39085920851978, -0.980756132174823, 
-1.78275507646707, 2.21222884525439, -3.00112263344845, -0.434409061414011, 
-1.25824379752078, -0.144749611723473, -1.48104290385135, 1.02083709306946, 
-3.77848951581204), .Dim = c(10L, 2L))
`x.1` <-
structure(c(1.20136819772828, 0.642788588276818, 0.824614723833186, 
0.877345289993522, 0.850207282802243, 1.94643233674238, 1.90316578540178, 
1.54054157590259, 1.07710263038487, 0.843406760533165, 1.24504294216580, 
1.86685183750979, 0.510170465501406, 1.63006182390552, 0.126594807658789, 
2.11568655307082, 0.81209443587846, 2.26085899951256, 0.962531623655132, 
0.756677685197098, -0.659038657110509, 0.58835750873327, -1.40649089502823, 
-0.916664357218731, -0.64936231487185, -0.989804763054232, -0.381291135786734, 
-0.839523430561093, -0.550312054797479, -0.505502649869006, -0.243450308117877, 
-0.71620625989919, -0.374322679044240, -0.61553614505496, -0.67299753998631, 
-0.627588977605338, -0.801107225854436, -1.34318119410713, -0.0538347154994036, 
-1.16029087733066, 0.195755758794874, 0.203133861819221, 0.493362578342134, 
1.06824916892218, 1.80947270936600, 0.698986347424946, -0.434189765736735, 
-0.602374794315333, 0.552389953727126, 0.244453011270581, 0.661187750199162, 
1.13091500849452, 0.183883165972978, 1.20246457085624, 0.819567345485653, 
0.599779557636632, 1.12426165712740, 1.35061363355269, 0.718313084569729, 
0.527194512910198, -1.24499165604738, -0.941307139710873, -0.103901593019791, 
-0.426456063656035, -1.65857620497031, -0.0181422592385879, -1.68031424589012, 
-0.98858067902565, -1.40631543169198, -0.795445923665662, -1.33246964456963, 
-0.243113091484609, -1.01286809082884, -0.358613389851008, -0.110896276241414, 
-1.22192867323758, -0.698754985786724, -0.511995530149978, -0.694793558307185, 
-0.235840366069185, -1.57684053038169, -1.57473617461955, -1.28193751934604, 
-2.49468716393193, -1.27167568375362, -1.25977911964135, -2.31690197347475, 
-2.30824705786564, -1.60561578403943, -1.37816670242957, -1.2359105144533, 
-2.64940540412228, -1.88315328843386, -1.7088772332138, -1.68503076093892, 
-1.97141232174192, -2.17103883699796, -2.39888513567165, -3.18456762752357, 
-1.49200072384500, -0.869908448118029, -0.115125317264363, -1.04862649066482, 
-1.54450688571305, -1.15802790538392, -1.65490255123169, -0.272597739218757, 
-0.937277907374368, -0.818046834285777, -0.41601454616231, -0.869240551689815, 
-1.35244853898824, -1.15727679605124, -1.73019269039215, -0.549333025254963, 
-1.17560442412855, -0.272051218587046, 0.37151179396677, -0.788044465127962, 
-1.23499149692745, -2.66444435142679, -3.04560548071415, -3.34001083003985, 
-2.31839527246852, -2.26368617528743, -2.54678008936233, -3.31601658779919, 
-2.74818764700255, -2.14810239865226, -1.89457235539437, -1.88527714882868, 
-1.72321680814743, -3.0201419962675, -2.02256921474209, -2.87441788759744, 
-2.89958602732873, -2.60696917884762, -2.69869203155617, -2.49821854587672, 
-2.31167603281662, -2.02230904748824, -2.80248492506483, -1.67456080417728, 
-1.30442922282159, -1.71277063683325, -2.52269508806840, -2.34246458302599, 
-2.81774417448441, -1.59830949182510, -2.32582318526217, -1.96342600859003, 
-2.05039822965904, -1.92529671169582, -2.03711195054473, -3.14178561432991, 
-2.52261724757823, -2.42546435360456, -1.72342732853141, -1.95287109395698, 
-3.1303273759082, -2.32329847478052, -2.32902715578259, -2.45238543964359, 
-2.16579439446648, -1.91323581264076, -3.19821364227346, -1.65072704121267, 
-2.03185950294025, -2.72579920614865, -3.17818261481142, -1.42283673982684, 
-2.05919410165828, -2.54983220693081, -2.29950934443793, -1.96893950708460, 
-2.30045801927671, -2.96682649182284, -1.95576426068956, -2.05058733097541, 
-2.42934182986075, -2.78755820486952, -2.17577638432307, -2.51283231036707, 
-2.63812530031314, -2.54861910337963, -2.96102031960687, -1.44118652705033, 
-2.8698185146848, -2.63663582621624, -1.66458474374254, -2.28617875539774, 
-2.64314383594914, -3.08395910921076, -2.5374609339839, -3.02730323844977, 
-2.38640323876835, -2.50982803900387, -3.02797124605168, -2.42891041092347, 
-1.49028883436484, 1.42332716434828, 1.10694141363106, 0.522559534097182, 
0.952550376204527, 1.85449123577426, 1.29098803482092, 1.58539002016483, 
1.27551408428033, 0.850105198071766, 1.44299339743945, 1.30596747427943, 
1.83076363695238, 1.04719920115351, 1.84676092542920, 0.811955377780454, 
1.13389234397689, 1.30085740510464, 1.30916607271163, 1.17484022092654, 
1.87376763432229, 0.872596422516359, 1.32586475965943, 1.56844915202213, 
1.60864532515205, 2.22166450345840, 2.44161004007144, 1.99521251756767, 
1.24596408574392, 1.52508574849535, 1.5408010839012, 1.52132029888840, 
1.53712838873459, 1.70997910560394, 2.44212878691839, 1.71400098853523, 
1.77573187112898, 1.34775724378896, 1.59480473744207, 1.92581989720596, 
2.07758467334513, 1.32914697368166, 1.15579700840833, 0.413962668945114, 
0.261435654656301, 1.32561349640484, 1.07789160157244, 0.841819961624217, 
1.41623769445625, -0.167159657670767, 1.51047746454414, 0.658434874871835, 
0.558114010138818, 1.66964732257861, 0.789789999600714, 0.469982720525267, 
0.556921417534259, 0.917627938423863, 1.45975199338351, 1.27701821868601, 
0.203151908622011, 1.37239356426146, 1.74293154886428, 2.31038093919037, 
2.15598740527469, 2.98210115120801, 2.71363886536743, 1.93697216943904, 
1.26981429906632, 2.60970288053009, 2.25093620080259, 1.65760386803566, 
1.69304556904592, 1.42792823745902, 1.30295639502355, 1.62870633753015, 
0.900439047043307, 2.39706948914467, 2.2919592726958, 2.03263749058593, 
1.62260891806577, -0.223766880069018, 0.0180068236961251, 0.330897896595553, 
0.461724272059756, -1.07795584883579, -0.29703083598154, -0.988901267584974, 
0.502662746647574, -0.249356012720976, -0.228135815158845, 0.469739198153386, 
-0.282228913471612, 0.730721699322506, 0.108806580453174, 0.111712351848314, 
0.207282154130963, 0.80513084010695, 0.382962194253732, -0.513896294068068, 
-0.356239931384321, 1.90754208242546, 2.53836698343601, 1.22645878988103, 
2.31760573692563, 1.66960991084701, 1.43540535822079, 2.97238377807640, 
1.34894900943709, 2.07376369311100, 1.47684685860975, 2.39607089125361, 
2.48419282211736, 2.13429587216383, 2.26479499504254, 1.90568149524527, 
2.43822218580139, 1.53395946193950, 2.00630238875835, 1.45929194548389, 
1.69905382945241, 1.53056545900821, 2.06463933356016, 1.04057911625185, 
1.22209958551815, 1.78656221505043, 1.88324028184071, 2.17879413083344, 
1.46147839262218, 2.41104980836464, 0.700546470970359, 1.49695922307726, 
2.75730789657573, 1.61990275429009, 0.204983723648981, 2.07092762240209, 
1.70085508975819, 1.01238346215920, 0.70648484122864, 1.87736905654440, 
1.17517175703577, -0.726564020164459, -1.3956608376827, -0.986405644987393, 
-1.27553126829195, -0.85872366315739, -1.45694510525257, -1.24489751193656, 
-1.06389065031958, -1.61051455772523, -0.879943158118851, -1.08467502985355, 
-0.898485009546019, -0.785655021358922, -1.44891998728373, -0.82955286499418, 
-0.582939011574346, -1.84823980977299, -2.44092352646213, -0.688629243338621, 
-1.42202571779668, -1.58969857780137, -1.03277457479584, 0.169533271477697, 
-0.434629350878024, 0.219651746660847, -0.980763141188464, -0.78579047815942, 
-0.709231571178343, -0.110952005276451, -1.03572479781102, -0.898313959118756, 
